# EM Convergence Results
# Aitken acceleration: enabled
# Aitken damping: 0.8
# Converged: no
# Total iterations: 100
# Total time (ms): 139258.40
# Final LL: -1756685.0801854825

=== Iteration Data ===
Iter	LL	Aitken_LL_Est	Time_ms
1	-1760669.1617919789	-1760669.1617919789	1402.6739
2	-1760632.4855395874	-1760632.4855395874	1405.6652
3	-1760595.6976405082	-1772717.4143236578	1427.3396
4	-1760558.7988366561	-1772835.2923702961	1428.0706
5	-1760521.7900936380	-1772980.0168405040	1432.7080
6	-1760484.6723431151	-1773123.5030988965	1426.4906
7	-1760447.4466472485	-1773284.9844705316	1415.8804
8	-1760410.1139948745	-1773440.8960229931	1389.8634
9	-1760372.6754477422	-1773608.8812147232	1387.8552
10	-1760335.1321478665	-1773790.6209496316	1387.4911
11	-1760297.4851041932	-1773959.0237182304	1391.1371
12	-1760259.7354788436	-1774151.4388028833	1387.2331
13	-1760221.8844738423	-1774353.8977262736	1387.8582
14	-1760183.9332130048	-1774550.1611832082	1391.0489
15	-1760145.8828332857	-1774752.9019301254	1388.4751
16	-1760107.7347133781	-1774996.9944458134	1387.8093
17	-1760069.4900387106	-1775217.9419854647	1390.2818
18	-1760031.1500013471	-1775445.5470893623	1390.5395
19	-1759992.7159462953	-1775704.4039939307	1390.6977
20	-1759954.1892644684	-1775978.7697402609	1387.3376
21	-1759915.5712188776	-1776238.8199726031	1385.4857
22	-1759876.8631819680	-1776526.3816247617	1389.5392
23	-1759838.0665618095	-1776829.7411098517	1395.0872
24	-1759799.1827568216	-1777141.0792847094	1395.1230
25	-1759760.2132570047	-1777481.4915845729	1395.5313
26	-1759721.1594467333	-1777811.4437996179	1396.2659
27	-1759682.0228397583	-1778181.2376597594	1399.1014
28	-1759642.8049273044	-1778559.6685561840	1395.4218
29	-1759603.5073254323	-1778982.5108093380	1396.5174
30	-1759564.1314523183	-1779372.9315514578	1400.1035
31	-1759524.6789755928	-1779843.5371859805	1400.1356
32	-1759485.1514452093	-1780302.5998907802	1401.0978
33	-1759445.5504985349	-1780806.4086992857	1401.6485
34	-1759405.8777927167	-1781339.2998295471	1399.1661
35	-1759366.1349421875	-1781883.7865836376	1402.0758
36	-1759326.3236254356	-1782475.5624916675	1399.4897
37	-1759286.4455884390	-1783121.1578511340	1400.2663
38	-1759246.5025407905	-1783787.8201201956	1400.5346
39	-1759206.4962800161	-1784525.6191808893	1401.5711
40	-1759166.4283952625	-1785218.5497498380	1404.7868
41	-1759126.3008386181	-1786110.8790655511	1405.6457
42	-1759086.1153278097	-1786950.8133542468	1404.6565
43	-1759045.8737680190	-1787938.1581167378	1401.7924
44	-1759005.5778947219	-1788901.5929092166	1404.5331
45	-1758965.2296179826	-1790031.5750852353	1405.7064
46	-1758924.8308079187	-1791221.6144424069	1401.3788
47	-1758884.3833461148	-1792511.0772299028	1401.8918
48	-1758843.8891132593	-1793903.6715777516	1401.2363
49	-1758803.3501619622	-1795553.4361483501	1402.8124
50	-1758762.7682488153	-1797096.5849056477	1404.1876
51	-1758722.1454745326	-1799107.9486964871	1405.3409
52	-1758681.4837395083	-1801118.4761397177	1403.7806
53	-1758640.7850639939	-1803479.9894943736	1405.8519
54	-1758600.0513928609	-1806012.6142979504	1406.0828
55	-1758559.2848797445	-1809162.4584814857	1408.2659
56	-1758518.4874266759	-1812314.0513018742	1411.4569
57	-1758477.6610684798	-1816141.8774803558	1412.9544
58	-1758436.8079457905	-1820794.7095440400	1410.4178
59	-1758395.9300450124	-1825834.6573152542	1417.1178
60	-1758355.0295260518	-1832315.5457400973	1415.3736
61	-1758314.1084301057	-1839693.1855123551	1418.2629
62	-1758273.1688187583	-1848795.2024109720	1414.9989
63	-1758232.2128742365	-1860930.5217218387	1415.4014
64	-1758191.2426583469	-1875808.4614666302	1415.1785
65	-1758150.2603329984	-1896847.7036420682	1419.7113
66	-1758109.2679678337	-1925480.2613755143	1416.2424
67	-1758068.2677946612	-1973361.8805373553	1416.4999
68	-1758027.2618925851	-2051536.1242186795	1420.7909
69	-1757986.2524797665	-2237022.2297711154	1416.2344
70	-1757945.2416223148	-2922178.8501607198	1418.1556
71	-1757904.2316457271	151378.2589907057	1418.2462
72	-1757863.2245444595	-1173030.1388440933	1416.3859
73	-1757822.2226140564	-1432700.9028256435	1419.4361
74	-1757781.2279347542	-1526014.5256869127	1418.8562
75	-1757740.2427650432	-1581099.1959274625	1417.5560
76	-1757699.2693162577	-1614466.2545327949	1416.0426
77	-1757658.3096280047	-1635737.4418437975	1416.8999
78	-1757617.3660313529	-1653440.1568534987	1415.8240
79	-1757576.4406281249	-1665516.3285472731	1414.8487
80	-1757535.5355927558	-1675385.4223098210	1415.9703
81	-1757494.6532305926	-1683779.1169012303	1418.3331
82	-1757453.7955888566	-1689924.7484369664	1415.5018
83	-1757412.9649482330	-1695669.5380509428	1418.1720
84	-1757372.1633729076	-1700095.3193342984	1411.5351
85	-1757331.3931851985	-1704373.9406703794	1399.8753
86	-1757290.6564035399	-1707614.4642309379	1331.7354
87	-1757249.9553418041	-1710873.1353718673	1311.6757
88	-1757209.2919868452	-1713357.5345945861	1329.5303
89	-1757168.6687399677	-1716023.6393972284	1311.7816
90	-1757128.0875000444	-1717924.1730628654	1312.0276
91	-1757087.5505041089	-1719946.9554059159	1311.9592
92	-1757047.0599457773	-1721741.9370116114	1327.3992
93	-1757006.6179221000	-1723307.8659222836	1312.1358
94	-1756966.2264627595	-1724700.9958644919	1310.9200
95	-1756925.8877788754	-1726093.1952654312	1316.8279
96	-1756885.6039980499	-1727328.3618347344	1322.1216
97	-1756845.3770508128	-1728372.6494578111	1311.9615
98	-1756805.2091826068	-1729495.0517703579	1313.1588
99	-1756765.1023713425	-1730419.9192726256	1322.7416
100	-1756725.0587146122	-1731335.0456227586	1318.2640

=== Aitken Acceleration Events ===
Iter	Lambda	Accel_Factor	Applied
3	1.00707765	0.00000000	no
6	1.00699638	0.00000000	no
9	1.00691935	0.00000000	no
12	1.00684681	0.00000000	no
15	1.00677897	0.00000000	no
18	1.00671605	0.00000000	no
21	1.00665825	0.00000000	no
24	1.00660581	0.00000000	no
27	1.00655895	0.00000000	no
30	1.00651791	0.00000000	no
33	1.00648299	0.00000000	no
36	1.00645451	0.00000000	no
39	1.00643287	0.00000000	no
42	1.00641854	0.00000000	no
45	1.00641209	0.00000000	no
48	1.00641421	0.00000000	no
51	1.00642574	0.00000000	no
54	1.00644768	0.00000000	no
57	1.00648123	0.00000000	no
60	1.00652783	0.00000000	no
63	1.00658919	0.00000000	no
66	1.00666732	0.00000000	no
69	1.00676462	0.00000000	no
72	1.00688390	0.00000000	no
75	1.00702849	0.00000000	no
78	1.00720228	0.00000000	no
81	1.00740991	0.00000000	no
84	1.00765680	0.00000000	no
87	1.00794941	0.00000000	no
90	1.00829541	0.00000000	no
93	1.00870395	0.00000000	no
96	1.00918600	0.00000000	no
99	1.00975476	0.00000000	no
