# EM Convergence Results
# Aitken acceleration: enabled
# Aitken damping: 0.8
# Converged: no
# Total iterations: 100
# Total time (ms): 141715.99
# Final LL: -1758068.6998854543

=== Iteration Data ===
Iter	LL	Aitken_LL_Est	Time_ms
1	-1762178.6508657094	-1762178.6508657094	1419.9200
2	-1762144.9098531788	-1762144.9098531788	1415.2620
3	-1762110.9949713664	-1768726.4200574502	1435.9972
4	-1762076.9058041482	-1768744.5399438024	1436.3580
5	-1762042.6424390248	-1768781.9782997074	1433.2353
6	-1762008.2048354528	-1768814.6734995584	1429.6884
7	-1761973.5928846917	-1768844.8658923756	1427.0246
8	-1761938.8068360563	-1768889.3177783082	1425.6227
9	-1761903.8465454602	-1768918.3562153713	1427.2070
10	-1761868.7121712239	-1768959.6958630788	1422.1805
11	-1761833.4038935457	-1769002.1778887615	1422.3396
12	-1761797.9218180329	-1769041.8422335610	1419.5250
13	-1761762.2661187367	-1769084.5860697988	1419.7311
14	-1761726.4370563652	-1769131.2532651518	1418.8238
15	-1761690.4348719949	-1769177.3937133278	1415.6624
16	-1761654.2598300343	-1769224.8481908687	1412.8372
17	-1761617.9122091916	-1769273.2494331808	1416.9351
18	-1761581.3924215198	-1769327.9188537926	1412.7415
19	-1761544.7008396641	-1769381.2419121927	1412.7050
20	-1761507.8378728575	-1769436.6455943808	1415.3558
21	-1761470.8039487950	-1769493.3445800305	1413.2116
22	-1761433.5995773401	-1769554.3765276452	1413.0643
23	-1761396.2252749566	-1769616.2620275437	1417.0336
24	-1761358.6816265858	-1769682.0293230738	1412.2508
25	-1761320.9692462287	-1769749.8609062019	1413.2883
26	-1761283.0886551784	-1769813.6948329424	1413.0718
27	-1761245.0407259101	-1769896.0526601064	1412.7073
28	-1761206.8259825564	-1769961.2822187084	1412.9246
29	-1761168.4452139335	-1770041.0909636072	1415.1479
30	-1761129.8993591915	-1770129.9468922985	1415.1665
31	-1761091.1891181245	-1770206.8060224345	1415.3265
32	-1761052.3154093574	-1770296.7424865838	1413.1369
33	-1761013.2790732558	-1770383.3861414699	1416.1898
34	-1760974.0811670467	-1770483.7353620222	1412.0980
35	-1760934.7226517887	-1770579.8375128056	1415.5259
36	-1760895.2045701009	-1770682.2179235714	1413.0334
37	-1760855.5279572264	-1770785.6473399925	1414.7436
38	-1760815.6939620506	-1770897.8134804533	1412.4205
39	-1760775.7037786872	-1771014.7288256583	1416.7898
40	-1760735.5585683351	-1771131.4124054376	1415.3468
41	-1760695.2596110015	-1771258.1073811746	1412.7802
42	-1760654.8081997293	-1771387.9954825209	1412.9226
43	-1760614.2056884547	-1771524.6219356048	1417.3175
44	-1760573.4533836779	-1771660.3851964362	1412.2843
45	-1760532.5528085476	-1771815.0311135494	1412.7457
46	-1760491.5054292041	-1771968.6102969781	1415.9980
47	-1760450.3126275123	-1772118.7180081878	1413.3794
48	-1760408.9760756902	-1772295.6471637138	1415.2412
49	-1760367.4974160858	-1772474.3586539817	1420.5584
50	-1760325.8781822484	-1772647.9132335950	1424.5240
51	-1760284.1200928451	-1772842.0468679699	1420.8355
52	-1760242.2248906123	-1773043.4191931938	1421.1748
53	-1760200.1944346908	-1773261.2742531167	1420.9964
54	-1760158.0304181124	-1773468.8686288358	1423.7814
55	-1760115.7348065265	-1773709.8581089661	1421.3749
56	-1760073.3095174090	-1773953.1631458444	1424.6662
57	-1760030.7563702341	-1774193.1046141966	1424.4238
58	-1759988.0775174825	-1774478.1623610510	1423.3292
59	-1759945.2748098359	-1774737.3569758793	1423.9072
60	-1759902.3506219692	-1775069.3127868890	1423.6007
61	-1759859.3068505672	-1775352.7964248005	1425.3188
62	-1759816.1456639706	-1775681.9629822355	1424.6183
63	-1759772.8694066599	-1776048.3784331528	1424.9372
64	-1759729.4802079441	-1776398.5004364008	1423.7802
65	-1759685.9804147230	-1776795.6189691403	1420.5245
66	-1759642.3724317115	-1777219.4115716801	1410.7096
67	-1759598.6584772384	-1777630.9644049893	1406.4063
68	-1759554.8411119047	-1778121.1840962234	1404.7170
69	-1759510.9227028126	-1778599.9459814872	1405.1128
70	-1759466.9057911434	-1779136.3253223163	1406.6414
71	-1759422.7928683283	-1779690.7517558078	1402.7645
72	-1759378.5865399581	-1780300.2487250268	1405.9593
73	-1759334.2893947833	-1780940.8310221042	1406.6425
74	-1759289.9041164343	-1781643.0413021622	1409.0024
75	-1759245.4332958451	-1782364.4664158074	1417.1126
76	-1759200.8797262472	-1783189.3310188646	1411.2459
77	-1759156.2461361003	-1784051.8185119748	1412.2534
78	-1759111.5352650951	-1784979.0272941715	1413.7185
79	-1759066.7500440276	-1786043.4056678643	1408.1937
80	-1759021.8931781838	-1787106.8216006006	1416.9516
81	-1758976.9676041871	-1788352.0433633088	1409.3047
82	-1758931.9763044822	-1789729.9259376978	1406.3555
83	-1758886.9221292974	-1791171.0288111214	1421.1914
84	-1758841.8080088941	-1792794.2050601386	1424.1560
85	-1758796.6370803870	-1794714.2728655385	1423.8177
86	-1758751.4122783863	-1796715.9581154280	1425.0990
87	-1758706.1366016436	-1798998.9582395279	1423.9916
88	-1758660.8132311874	-1801731.6449158986	1420.9001
89	-1758615.4451537409	-1804654.3853723032	1423.5823
90	-1758570.0355935425	-1808278.1205246381	1423.9015
91	-1758524.5875876348	-1812250.2511280768	1413.4952
92	-1758479.1043665262	-1817224.2869043215	1415.8092
93	-1758433.5891319804	-1823145.0588783445	1413.3192
94	-1758388.0450078368	-1830187.8413954659	1413.6628
95	-1758342.4751885266	-1839159.5591283457	1412.0383
96	-1758296.8830125264	-1851273.3710801320	1414.5730
97	-1758251.2716435578	-1866644.9773755653	1415.7405
98	-1758205.6444126237	-1889453.2003941170	1416.7922
99	-1758160.0044927355	-1922318.7102772607	1418.0495
100	-1758114.3551681635	-1979691.2732504914	1412.6258

=== Aitken Acceleration Events ===
Iter	Lambda	Accel_Factor	Applied
3	1.00554326	0.00000000	no
6	1.00575872	0.00000000	no
9	1.00599047	0.00000000	no
12	1.00623783	0.00000000	no
15	1.00649984	0.00000000	no
18	1.00677526	0.00000000	no
21	1.00706254	0.00000000	no
24	1.00735984	0.00000000	no
27	1.00766505	0.00000000	no
30	1.00797584	0.00000000	no
33	1.00828967	0.00000000	no
36	1.00860387	0.00000000	no
39	1.00891568	0.00000000	no
42	1.00922231	0.00000000	no
45	1.00952100	0.00000000	no
48	1.00980911	0.00000000	no
51	1.01008414	0.00000000	no
54	1.01034380	0.00000000	no
57	1.01058605	0.00000000	no
60	1.01080915	0.00000000	no
63	1.01101164	0.00000000	no
66	1.01119243	0.00000000	no
69	1.01135074	0.00000000	no
72	1.01148614	0.00000000	no
75	1.01159854	0.00000000	no
78	1.01168819	0.00000000	no
81	1.01175566	0.00000000	no
84	1.01180180	0.00000000	no
87	1.01182781	0.00000000	no
90	1.01183512	0.00000000	no
93	1.01182547	0.00000000	no
96	1.01180082	0.00000000	no
99	1.01176340	0.00000000	no
