# Cache Configuration for Memoized Pruning/Propagation
# Generated based on reuse rate threshold: 50%

[TREE_INFO]
num_nodes=74
num_edges=73
num_taxa=38
num_patterns=766213

[CACHE_SUMMARY]
threshold=50
edges_to_cache=67
total_memory_kb=27667.7

[CACHED_EDGES]
# edge_id,parent_node,child_node,subtree_size,unique_sigs,reuse_rate,memory_kb
0,0,1,1,5,100.00,0.20
1,2,3,1,5,100.00,0.20
2,4,5,1,5,100.00,0.20
3,6,7,1,5,100.00,0.20
4,8,9,1,5,100.00,0.20
5,8,10,1,5,100.00,0.20
6,11,8,2,25,100.00,0.98
7,12,13,1,5,100.00,0.20
8,12,14,1,5,100.00,0.20
9,11,12,2,25,100.00,0.98
10,6,11,4,576,99.92,22.50
11,15,6,5,1811,99.76,70.74
12,16,17,1,5,100.00,0.20
13,18,19,1,5,100.00,0.20
14,18,20,1,5,100.00,0.20
15,16,18,2,25,100.00,0.98
16,21,16,3,125,99.98,4.88
17,21,22,1,5,100.00,0.20
18,15,21,4,570,99.93,22.27
19,4,15,9,18610,97.57,726.95
20,23,4,10,28927,96.22,1129.96
21,24,25,1,5,100.00,0.20
22,26,27,1,5,100.00,0.20
23,26,28,1,5,100.00,0.20
24,24,26,2,25,100.00,0.98
25,29,24,3,125,99.98,4.88
26,30,31,1,5,100.00,0.20
27,32,33,1,5,100.00,0.20
28,34,35,1,5,100.00,0.20
29,34,36,1,5,100.00,0.20
30,37,34,2,25,100.00,0.98
31,38,39,1,5,100.00,0.20
32,38,40,1,5,100.00,0.20
33,37,38,2,25,100.00,0.98
34,41,37,4,625,99.92,24.41
35,42,43,1,5,100.00,0.20
36,44,45,1,5,100.00,0.20
37,46,47,1,5,100.00,0.20
38,46,48,1,5,100.00,0.20
39,44,46,2,25,100.00,0.98
40,49,44,3,125,99.98,4.88
41,49,50,1,5,100.00,0.20
42,42,49,4,625,99.92,24.41
43,51,42,5,2971,99.61,116.05
44,51,52,1,5,100.00,0.20
45,53,51,6,10701,98.60,418.01
46,53,54,1,5,100.00,0.20
47,41,53,7,33683,95.60,1315.74
48,32,41,11,266778,65.18,10421.02
49,30,32,12,333731,56.44,13036.37
52,56,57,1,5,100.00,0.20
53,56,58,1,5,100.00,0.20
54,59,56,2,25,100.00,0.98
55,59,60,1,5,100.00,0.20
56,55,59,3,125,99.98,4.88
58,62,63,1,5,100.00,0.20
59,64,65,1,5,100.00,0.20
60,64,66,1,5,100.00,0.20
61,62,64,2,25,100.00,0.98
62,67,62,3,125,99.98,4.88
63,68,69,1,5,100.00,0.20
64,70,71,1,5,100.00,0.20
65,70,72,1,5,100.00,0.20
66,68,70,2,25,100.00,0.98
67,67,68,3,125,99.98,4.88
68,61,67,6,7496,99.02,292.81
72,0,73,1,5,100.00,0.20

[SUBTREE_TAXA]
# edge_id: taxon_indices (space-separated)
0: 0
1: 1
2: 2
3: 3
4: 4
5: 5
6: 4 5
7: 6
8: 7
9: 6 7
10: 4 5 6 7
11: 3 4 5 6 7
12: 8
13: 9
14: 10
15: 9 10
16: 8 9 10
17: 11
18: 8 9 10 11
19: 3 4 5 6 7 8 9 10 11
20: 2 3 4 5 6 7 8 9 10 11
21: 12
22: 13
23: 14
24: 13 14
25: 12 13 14
26: 15
27: 16
28: 17
29: 18
30: 17 18
31: 19
32: 20
33: 19 20
34: 17 18 19 20
35: 21
36: 22
37: 23
38: 24
39: 23 24
40: 22 23 24
41: 25
42: 22 23 24 25
43: 21 22 23 24 25
44: 26
45: 21 22 23 24 25 26
46: 27
47: 21 22 23 24 25 26 27
48: 17 18 19 20 21 22 23 24 25 26 27
49: 16 17 18 19 20 21 22 23 24 25 26 27
52: 28
53: 29
54: 28 29
55: 30
56: 28 29 30
58: 31
59: 32
60: 33
61: 32 33
62: 31 32 33
63: 34
64: 35
65: 36
66: 35 36
67: 34 35 36
68: 31 32 33 34 35 36
72: 37
