=== Clique Tree Log-Likelihood Consistency Test ===
(Matching C++ junction tree structure)

Loading data...
Root cliques: 0 (X=37, Y=21) 71 (X=37, Y=38) 72 (X=37, Y=27) 
Loaded: 38 taxa, 73 cliques, 648 patterns
Root node: 37, Root clique: 0
Post-order cliques: 1 2 3 4 5 6 7 8 9 10 11 12 13 14 15 16 17 18 19 20 21 22 23 24 25 26 27 28 29 30 31 32 33 34 35 36 37 38 39 40 41 42 43 44 45 46 47 48 49 50 51 52 53 54 55 56 57 58 59 60 61 62 63 64 65 66 67 68 69 70 71 72 0 
Allocating GPU memory...
Copying data to GPU...
Initializing clique beliefs...
Running upward pass...
Running downward pass...
Computing log-likelihood at each clique...

=== Results ===
Reference LL (root clique 0): -1830.943465742128865

LL Statistics across all 73 cliques:
  Mean:     -1859.747815688903074
  Std Dev:  3.775089e+02
  Range:    -3517.173104061583672 to -1453.179048991941954
  Max diff: 2.063994e+03

=== Clique LL Values ===
CliqueID  X_node  Y_node          LL_Value
       0      37      21  -1830.943465742128865
       1      38       3  -1649.067558188793782
       2      60      30  -1667.555713339287195
       3      68       7  -1572.916226669991829
       4      70       2  -1458.609814657750576
       5      70      33  -1478.171268261443856
       6      69      70  -1635.948546234644482
       7      71      28  -1477.843523295292698
       8      71      32  -1453.179048991941954
       9      69      71  -1644.151882738486393
      10      68      69  -1488.509704636196602
      11      67      68  -1660.290018693402089
      12      39      19  -1456.621205693736101
      13      40      26  -1515.472429429760041
      14      40      12  -1455.345156400936958
      15      39      40  -1735.678069425653348
      16      72      39  -1631.909193359780602
      17      72       9  -1474.292449925455230
      18      67      72  -1720.802946096012420
      19      60      67  -1707.453653518652800
      20      49      60  -1859.522434010444158
      21      44      16  -1704.988913168295539
      22      45      23  -1604.587472229128707
      23      45       8  -1826.880495988512848
      24      44      45  -2467.319502392284448
      25      43      44  -2838.910446879524898
      26      46       5  -1781.113821552060017
      27      47      20  -1822.475805646420667
      28      51      24  -1665.631739288605331
      29      51      18  -1770.207292921809767
      30      50      51  -2215.098211329961032
      31      52      22  -1546.088406898870971
      32      52       6  -1660.272981765887153
      33      50      52  -2610.139663308487343
      34      48      50  -2017.000867530618279
      35      55      34  -1704.013166954698590
      36      57      14  -1899.696932557590799
      37      58      29  -1691.493133217916693
      38      58       4  -2048.726375253629158
      39      57      58  -2475.213464944350562
      40      56      57  -2116.100604683269012
      41      56      31  -1960.987550072678914
      42      55      56  -2160.347670837008536
      43      54      55  -2037.027102842746217
      44      54       1  -1824.915391669976998
      45      53      54  -2166.273125787191930
      46      53      17  -1740.738656735758468
      47      48      53  -1988.347450302268271
      48      47      48  -1899.372164298125881
      49      46      47  -2062.479993066127463
      50      43      46  -2322.162486766782877
      51      42      43  -2299.535249172556178
      52      61      36  -1607.731683826075141
      53      61      10  -1526.333375103761455
      54      59      61  -2000.585767654323263
      55      59      13  -1595.191177625943055
      56      42      59  -1799.402857040556228
      57      41      42  -1866.339951493391027
      58      63      11  -1816.294005606504015
      59      64      15  -1827.266686983248064
      60      64      35  -1722.803645415256597
      61      63      64  -2513.254204859704714
      62      62      63  -2386.655886486812051
      63      65       0  -1530.719368550511945
      64      66      25  -1537.641044005553567
      65      66      73  -1476.508293755822478
      66      65      66  -1683.824479922600858
      67      62      65  -1741.233845154670234
      68      41      62  -1869.433943751967490
      69      49      41  -1770.912454179099541
      70      38      49  -1667.732390340413758
      71      37      38  -3517.173104061583672
      72      37      27  -2802.121930099249766

=== Distance vs LL Difference ===

=== LL Difference Statistics by Distance ===
Distance    Count    Mean_Diff        Max_Diff         Std_Diff
       1       72  3.751858e+02  1.868106e+03  3.951893e+02
       2      106  2.903813e+02  1.746261e+03  3.127076e+02
       3      138  3.273889e+02  1.849617e+03  3.600135e+02
       4      170  3.345653e+02  1.856883e+03  3.672227e+02
       5      204  4.023079e+02  2.042881e+03  4.285208e+02
       6      242  4.153395e+02  2.060552e+03  4.469548e+02
       7      256  4.257952e+02  2.063994e+03  4.482235e+02
       8      258  3.822875e+02  1.528826e+03  3.493318e+02
       9      238  3.999187e+02  1.776434e+03  3.626461e+02
      10      222  4.098651e+02  1.971085e+03  3.896552e+02
      11      196  3.372713e+02  1.813160e+03  3.085636e+02
      12      138  3.790550e+02  1.556186e+03  3.125473e+02
      13      106  3.917269e+02  1.617476e+03  2.880987e+02
      14       98  4.514960e+02  1.825680e+03  3.535681e+02
      15       82  3.461818e+02  9.987052e+02  2.344723e+02
      16       42  4.486754e+02  1.110629e+03  2.748249e+02
      17       28  4.987768e+02  1.018592e+03  2.264705e+02
      18       20  5.338334e+02  1.022034e+03  3.367717e+02
      19       12  3.970062e+02  5.955473e+02  1.799023e+02
