=== Log-Likelihood Precision Test ===
Number of trials: 10
Random seed: 42

Loading data...
F81 mu is 1.34314
Loaded: 38 taxa, 73 edges, 6736 patterns
Root probs: [0.287712, 0.191584, 0.245721, 0.274983]
Allocating GPU memory...
  Post order size: 73
  Node edges size: 73
  Root edges: 3
  Allocating basic arrays...
  Allocating pattern bases...
  Allocating upward messages (0.0157353 GB)...
  Allocating upward scales...
  Allocating downward messages...
  Allocating downward scales...
  GPU memory allocation complete.
Copying data to GPU...
  post_order...
  edge_child...
  edge_parent...
  node_is_leaf (size=74)...
  leaf_taxon (size=74)...
  pattern_bases (size=255968, expect=255968)...
  trans_flat...
  weights...
  root_probs...
  node_nch...
  node_off...
  node_edges...
  root_edges...
Data copy complete.
Running 1000 GPU timing trials...

=== GPU Timing Results (1000 trials) ===
Forward pass (Pruning):
  Average: 1.170 ms
  Std Dev: 6.6193e-02 ms
  Range:   1.140 to 2.914 ms

Backward pass:
  Average: 1.578 ms
  Std Dev: 4.3950e-02 ms
  Range:   1.507 to 1.782 ms

Propagation / Pruning time ratio:
  Average: 2.349321
  Std Dev: 3.0560e-02
  Range:   1.609620 to 2.418979

=== Timing Ratio Distribution ===
Trial     Fwd_ms        Bwd_ms        Ratio
    1      2.913920      1.776384      1.609620
    2      1.306624      1.718272      2.315047
    3      1.304768      1.747648      2.339432
    4      1.300480      1.712864      2.317101
    5      1.317888      1.722368      2.306915
    6      1.306624      1.704960      2.304859
    7      1.296384      1.739776      2.342022
    8      1.299456      1.715200      2.319937
    9      1.320960      1.724416      2.305426
   10      1.290240      1.722368      2.334921
   11      1.300480      1.717248      2.320472
   12      1.307616      1.720224      2.315542
   13      1.328128      1.721344      2.296068
   14      1.286144      1.712128      2.331210
   15      1.293312      1.715040      2.326084
   16      1.295360      1.729312      2.335005
   17      1.311744      1.732608      2.320843
   18      1.301248      1.717248      2.319693
   19      1.304576      1.735680      2.330455
   20      1.318912      1.725376      2.308181
   21      1.316864      1.718272      2.304821
   22      1.307648      1.724416      2.318716
   23      1.304544      1.717248      2.316359
   24      1.304576      1.769472      2.356358
   25      1.304160      1.711104      2.312035
   26      1.300288      1.717248      2.320668
   27      1.294336      1.726272      2.333712
   28      1.295264      1.718464      2.326729
   29      1.294336      1.715200      2.325158
   30      1.294336      1.712128      2.322785
   31      1.295360      1.722368      2.329644
   32      1.294336      1.713952      2.324194
   33      1.295040      1.731200      2.336792
   34      1.288576      1.727104      2.340320
   35      1.326080      1.768448      2.333591
   36      1.286144      1.717248      2.335191
   37      1.295008      1.720320      2.328424
   38      1.303552      1.698656      2.303098
   39      1.298432      1.716096      2.321668
   40      1.285120      1.781760      2.386454
   41      1.301504      1.715200      2.317860
   42      1.290240      1.732608      2.342857
   43      1.298432      1.713696      2.319819
   44      1.296256      1.722368      2.328725
   45      1.296384      1.723392      2.329384
   46      1.295360      1.736704      2.340712
   47      1.301504      1.729536      2.328875
   48      1.319744      1.714976      2.299476
   49      1.296320      1.723392      2.329450
   50      1.293312      1.719200      2.329300
   51      1.297376      1.767424      2.362307
   52      1.290240      1.730560      2.341270
   53      1.306432      1.728448      2.323030
   54      1.302304      1.712096      2.314667
   55      1.295360      1.731744      2.336882
   56      1.291360      1.771936      2.372147
   57      1.302432      1.705984      2.309845
   58      1.297696      1.701888      2.311469
   59      1.293408      1.722080      2.331428
   60      1.298432      1.725440      2.328864
   61      1.305280      1.717248      2.315617
   62      1.300480      1.710880      2.315576
   63      1.288960      1.705728      2.323337
   64      1.301440      1.702912      2.308483
   65      1.290240      1.722368      2.334921
   66      1.307648      1.720320      2.315583
   67      1.295168      1.771520      2.367792
   68      1.308672      1.699840      2.298905
   69      1.220256      1.583488      2.297669
   70      1.163264      1.569792      2.349472
   71      1.161216      1.580640      2.361194
   72      1.162240      1.589216      2.367373
   73      1.171456      1.576960      2.346154
   74      1.163424      1.582880      2.360536
   75      1.162240      1.565696      2.347136
   76      1.160608      1.588224      2.368441
   77      1.169184      1.566720      2.340012
   78      1.168384      1.587072      2.358348
   79      1.165376      1.578624      2.354605
   80      1.169440      1.561600      2.335340
   81      1.172192      1.570528      2.339822
   82      1.165120      1.557504      2.336776
   83      1.170432      1.587008      2.355917
   84      1.167360      1.562624      2.338596
   85      1.169408      1.581088      2.352041
   86      1.162560      1.558528      2.340600
   87      1.165312      1.579008      2.355009
   88      1.164640      1.577984      2.354911
   89      1.154048      1.581056      2.370009
   90      1.157120      1.620992      2.400885
   91      1.175552      1.559488      2.326601
   92      1.152000      1.577984      2.369778
   93      1.174528      1.579008      2.344377
   94      1.161184      1.590240      2.369499
   95      1.175136      1.582944      2.347031
   96      1.153888      1.624064      2.407471
   97      1.166944      1.575808      2.350372
   98      1.175520      1.582656      2.346345
   99      1.184768      1.562624      2.318928
  100      1.166336      1.545216      2.324846
  101      1.161216      1.577728      2.358686
  102      1.171072      1.615872      2.379823
  103      1.177632      1.575936      2.338224
  104      1.153824      1.579712      2.369110
  105      1.173472      1.546240      2.317662
  106      1.153696      1.564672      2.356226
  107      1.146592      1.571712      2.370768
  108      1.157920      1.629184      2.406992
  109      1.151840      1.556480      2.351299
  110      1.160864      1.532864      2.320451
  111      1.154048      1.568768      2.359361
  112      1.153728      1.570624      2.361347
  113      1.155072      1.567552      2.357103
  114      1.152608      1.550336      2.345068
  115      1.158144      1.557984      2.345242
  116      1.168448      1.568608      2.342471
  117      1.155072      1.557504      2.348404
  118      1.157120      1.551360      2.340708
  119      1.145824      1.580928      2.379730
  120      1.158464      1.578880      2.362908
  121      1.159168      1.569792      2.354240
  122      1.160192      1.568736      2.352135
  123      1.155072      1.576960      2.365248
  124      1.151808      1.585056      2.376146
  125      1.167328      1.570816      2.345651
  126      1.149920      1.573888      2.368693
  127      1.149952      1.537760      2.337239
  128      1.153184      1.555200      2.348614
  129      1.161216      1.572864      2.354497
  130      1.161216      1.559552      2.343034
  131      1.152000      1.559232      2.353500
  132      1.184768      1.563296      2.319496
  133      1.159168      1.568768      2.353357
  134      1.157120      1.544160      2.334486
  135      1.163264      1.531904      2.316901
  136      1.181472      1.579008      2.336475
  137      1.162400      1.544864      2.329030
  138      1.168128      1.568768      2.342976
  139      1.152000      1.538880      2.335833
  140      1.181696      1.555072      2.315966
  141      1.152608      1.564288      2.357172
  142      1.153024      1.562304      2.354962
  143      1.150976      1.534752      2.333436
  144      1.169952      1.548288      2.323377
  145      1.160448      1.553088      2.338352
  146      1.147904      1.540096      2.341659
  147      1.178720      1.572704      2.334247
  148      1.158720      1.552192      2.339575
  149      1.155936      1.531904      2.325250
  150      1.152448      1.563744      2.356889
  151      1.160096      1.574912      2.357570
  152      1.157376      1.555072      2.343619
  153      1.154048      1.575680      2.365350
  154      1.158080      1.558016      2.345344
  155      1.154048      1.568768      2.359361
  156      1.146944      1.572576      2.371101
  157      1.152800      1.550336      2.344844
  158      1.165696      1.559136      2.337515
  159      1.145472      1.549312      2.352553
  160      1.178624      1.507328      2.278888
  161      1.160192      1.570592      2.353734
  162      1.158432      1.578688      2.362780
  163      1.173216      1.568768      2.337152
  164      1.157120      1.574912      2.361062
  165      1.154976      1.580800      2.368686
  166      1.147904      1.569792      2.367529
  167      1.170656      1.581664      2.351092
  168      1.152768      1.538048      2.334222
  169      1.146880      1.569312      2.368331
  170      1.159168      1.569792      2.354240
  171      1.146688      1.549120      2.350952
  172      1.157888      1.571712      2.357395
  173      1.164000      1.570400      2.349141
  174      1.159712      1.583104      2.365084
  175      1.168384      1.541120      2.319019
  176      1.149952      1.573728      2.368516
  177      1.157120      1.573888      2.360177
  178      1.146400      1.543552      2.346434
  179      1.153024      1.562624      2.355240
  180      1.147904      1.563648      2.362177
  181      1.153024      1.579840      2.370171
  182      1.145856      1.559552      2.361037
  183      1.154048      1.541120      2.335404
  184      1.147904      1.568768      2.366637
  185      1.156096      1.569344      2.357451
  186      1.156064      1.594880      2.379578
  187      1.154176      1.572864      2.362759
  188      1.151328      1.549312      2.345674
  189      1.160800      1.555456      2.339986
  190      1.163744      1.581056      2.358594
  191      1.147904      1.563648      2.362177
  192      1.156096      1.564672      2.353410
  193      1.145856      1.580896      2.379664
  194      1.154944      1.567648      2.357337
  195      1.152736      1.534976      2.331594
  196      1.152928      1.574624      2.365761
  197      1.150880      1.583104      2.375560
  198      1.152000      1.580928      2.372333
  199      1.159168      1.576960      2.360424
  200      1.150816      1.558336      2.354114
  201      1.175552      1.549312      2.317944
  202      1.153696      1.566720      2.358001
  203      1.164256      1.564672      2.343925
  204      1.152000      1.579808      2.371361
  205      1.156928      1.541856      2.332716
  206      1.157888      1.549984      2.338630
  207      1.147904      1.588192      2.383558
  208      1.156096      1.581696      2.368135
  209      1.157184      1.572416      2.358830
  210      1.150976      1.509376      2.311388
  211      1.161216      1.613824      2.389771
  212      1.154048      1.572544      2.362633
  213      1.139712      1.517568      2.331536
  214      1.163936      1.566784      2.346108
  215      1.154720      1.529856      2.324872
  216      1.168320      1.575936      2.348891
  217      1.165312      1.553280      2.332931
  218      1.149696      1.567744      2.363616
  219      1.163040      1.561536      2.342633
  220      1.156096      1.559552      2.348981
  221      1.151040      1.563200      2.358076
  222      1.155936      1.569792      2.358027
  223      1.154752      1.564256      2.354625
  224      1.161216      1.561600      2.344797
  225      1.152224      1.579712      2.371011
  226      1.145632      1.570464      2.370827
  227      1.150976      1.520640      2.321175
  228      1.158080      1.574816      2.359851
  229      1.155872      1.558528      2.348357
  230      1.159648      1.563136      2.347940
  231      1.164416      1.559360      2.339178
  232      1.159168      1.560576      2.346290
  233      1.143616      1.559552      2.363703
  234      1.158144      1.586816      2.370137
  235      1.155840      1.577984      2.365227
  236      1.162240      1.539072      2.324229
  237      1.149952      1.566336      2.362088
  238      1.155872      1.577984      2.365189
  239      1.157952      1.557504      2.345051
  240      1.155040      1.589888      2.376479
  241      1.157824      1.572864      2.358465
  242      1.173504      1.588224      2.353403
  243      1.149952      1.562080      2.358387
  244      1.162240      1.555168      2.338078
  245      1.150976      1.572864      2.366548
  246      1.155072      1.548288      2.340426
  247      1.152000      1.584032      2.375028
  248      1.155072      1.571840      2.360816
  249      1.154048      1.579360      2.368539
  250      1.169088      1.569792      2.342749
  251      1.153664      1.566720      2.358038
  252      1.160192      1.524064      2.313631
  253      1.154048      1.570816      2.361136
  254      1.160864      1.564672      2.347851
  255      1.171200      1.541920      2.316530
  256      1.165856      1.580032      2.355255
  257      1.162240      1.564640      2.346228
  258      1.172480      1.549312      2.321397
  259      1.163104      1.574432      2.353647
  260      1.157120      1.571456      2.358075
  261      1.171456      1.548864      2.322170
  262      1.170656      1.565472      2.337260
  263      1.145952      1.565600      2.366200
  264      1.154848      1.580032      2.368173
  265      1.156800      1.581600      2.367220
  266      1.154048      1.562464      2.353899
  267      1.157120      1.555456      2.344248
  268      1.166336      1.563648      2.340650
  269      1.173472      1.555200      2.325298
  270      1.163936      1.586176      2.362769
  271      1.147296      1.567328      2.366106
  272      1.156096      1.559552      2.348981
  273      1.147584      1.568768      2.367018
  274      1.149952      1.553408      2.350846
  275      1.149952      1.541216      2.340244
  276      1.162112      1.568704      2.349873
  277      1.158976      1.576800      2.360511
  278      1.149760      1.578880      2.373226
  279      1.159904      1.557504      2.342787
  280      1.148928      1.554432      2.352941
  281      1.177600      1.576832      2.339022
  282      1.162624      1.540640      2.325140
  283      1.159168      1.568768      2.353357
  284      1.165280      1.571712      2.348785
  285      1.152832      1.557216      2.350775
  286      1.154848      1.569792      2.359306
  287      1.155680      1.554208      2.344843
  288      1.154528      1.556000      2.347737
  289      1.159168      1.576800      2.360286
  290      1.155072      1.588256      2.375028
  291      1.168384      1.589248      2.360210
  292      1.156000      1.580032      2.366810
  293      1.167360      1.531904      2.312281
  294      1.158144      1.579008      2.363395
  295      1.185632      1.569632      2.323878
  296      1.175296      1.552768      2.321172
  297      1.163872      1.587200      2.363724
  298      1.162208      1.573888      2.354222
  299      1.168384      1.558272      2.333699
  300      1.162240      1.577120      2.356966
  301      1.163584      1.561600      2.342060
  302      1.158144      1.551904      2.339992
  303      1.147904      1.578592      2.375195
  304      1.158144      1.553408      2.341291
  305      1.151904      1.532640      2.330528
  306      1.164256      1.589248      2.365033
  307      1.152608      1.547584      2.342680
  308      1.171296      1.575808      2.345354
  309      1.140736      1.574912      2.380610
  310      1.160192      1.546240      2.332745
  311      1.145856      1.564672      2.365505
  312      1.150624      1.582848      2.375643
  313      1.157920      1.579008      2.363659
  314      1.159136      1.592320      2.373713
  315      1.145568      1.581408      2.380457
  316      1.153632      1.571840      2.362514
  317      1.159168      1.560544      2.346262
  318      1.162304      1.577984      2.357634
  319      1.171200      1.580608      2.349563
  320      1.177280      1.574912      2.337755
  321      1.160768      1.582816      2.363594
  322      1.154016      1.570528      2.360924
  323      1.164576      1.583104      2.359382
  324      1.158144      1.565696      2.351901
  325      1.151744      1.574880      2.367387
  326      1.164256      1.554080      2.334827
  327      1.161952      1.575936      2.356283
  328      1.149504      1.557504      2.354936
  329      1.164288      1.562624      2.342128
  330      1.160192      1.564672      2.348632
  331      1.155072      1.570976      2.360068
  332      1.158496      1.534656      2.324697
  333      1.153888      1.542144      2.336476
  334      1.157888      1.575936      2.361043
  335      1.165248      1.572448      2.349454
  336      1.160192      1.575936      2.358341
  337      1.161216      1.589120      2.368497
  338      1.169216      1.582656      2.353605
  339      1.161920      1.541120      2.326357
  340      1.146880      1.580032      2.377679
  341      1.167360      1.581056      2.354386
  342      1.152000      1.600960      2.389722
  343      1.162880      1.564896      2.345707
  344      1.169152      1.562624      2.336545
  345      1.163264      1.576064      2.354863
  346      1.162240      1.529024      2.315584
  347      1.164128      1.585152      2.361665
  348      1.172320      1.573056      2.341832
  349      1.154720      1.569376      2.359097
  350      1.171456      1.570720      2.340827
  351      1.166336      1.581056      2.355575
  352      1.156096      1.576800      2.363900
  353      1.172160      1.604480      2.368823
  354      1.174336      1.546240      2.316693
  355      1.155072      1.522688      2.318263
  356      1.145856      1.525376      2.331211
  357      1.160192      1.527808      2.316858
  358      1.149952      1.520640      2.322351
  359      1.167360      1.565344      2.340927
  360      1.155072      1.588224      2.375000
  361      1.183744      1.574624      2.330207
  362      1.158144      1.562624      2.349248
  363      1.153024      1.579008      2.369449
  364      1.151104      1.556448      2.352135
  365      1.166336      1.621888      2.390584
  366      1.163904      1.608384      2.381887
  367      1.160960      1.579264      2.360309
  368      1.161216      1.572832      2.354470
  369      1.165312      1.574720      2.351329
  370      1.165312      1.578720      2.354761
  371      1.167360      1.556384      2.333251
  372      1.166336      1.551360      2.330114
  373      1.165312      1.540704      2.322139
  374      1.162112      1.532928      2.319088
  375      1.174528      1.556352      2.325087
  376      1.170432      1.581120      2.350886
  377      1.170112      1.566720      2.338949
  378      1.164288      1.551200      2.332316
  379      1.153760      1.581952      2.371128
  380      1.161216      1.568768      2.350970
  381      1.156096      1.584352      2.370433
  382      1.159840      1.582080      2.364050
  383      1.161952      1.548288      2.332489
  384      1.171232      1.570624      2.341002
  385      1.184448      1.592352      2.344383
  386      1.177600      1.575296      2.337717
  387      1.155744      1.567744      2.356480
  388      1.169408      1.584128      2.354641
  389      1.159808      1.565696      2.349961
  390      1.163200      1.509376      2.297606
  391      1.161216      1.564672      2.347443
  392      1.156800      1.565696      2.353472
  393      1.166304      1.562624      2.339808
  394      1.158144      1.597440      2.379310
  395      1.165312      1.563648      2.341828
  396      1.159168      1.571840      2.356007
  397      1.161216      1.588064      2.367587
  398      1.157120      1.581056      2.366372
  399      1.176512      1.584128      2.346462
  400      1.154048      1.589248      2.377107
  401      1.146880      1.568576      2.367690
  402      1.159360      1.564672      2.349600
  403      1.152000      1.580032      2.371556
  404      1.146880      1.575488      2.373716
  405      1.164832      1.574912      2.352051
  406      1.163264      1.566368      2.346528
  407      1.162240      1.569792      2.350661
  408      1.166912      1.563648      2.339988
  409      1.189888      1.610912      2.353835
  410      1.166336      1.594368      2.366988
  411      1.169408      1.579008      2.350263
  412      1.166208      1.586176      2.360114
  413      1.158144      1.590272      2.373121
  414      1.159168      1.554432      2.340990
  415      1.149952      1.560576      2.357079
  416      1.161216      1.581056      2.361552
  417      1.176576      1.562624      2.328111
  418      1.162240      1.536000      2.321586
  419      1.171680      1.525760      2.302199
  420      1.170272      1.559392      2.332504
  421      1.170272      1.539648      2.315633
  422      1.169344      1.515520      2.296043
  423      1.163136      1.572864      2.352262
  424      1.161152      1.583104      2.363391
  425      1.164288      1.568640      2.347296
  426      1.164608      1.508192      2.295021
  427      1.159936      1.575168      2.357979
  428      1.166336      1.567744      2.344162
  429      1.155072      1.581056      2.368794
  430      1.159168      1.573792      2.357691
  431      1.164992      1.563456      2.342031
  432      1.159072      1.538976      2.327766
  433      1.167360      1.581056      2.354386
  434      1.162048      1.583104      2.362340
  435      1.153024      1.587200      2.376554
  436      1.158144      1.593344      2.375774
  437      1.160000      1.564480      2.348690
  438      1.155712      1.583712      2.370334
  439      1.162240      1.586176      2.364758
  440      1.164288      1.573984      2.351886
  441      1.153696      1.541952      2.336532
  442      1.161952      1.561376      2.343753
  443      1.144832      1.566720      2.368515
  444      1.160736      1.520544      2.309983
  445      1.165248      1.571840      2.348932
  446      1.152000      1.572800      2.365278
  447      1.162080      1.601120      2.377805
  448      1.150976      1.575936      2.369217
  449      1.164288      1.575936      2.353562
  450      1.151776      1.578752      2.370711
  451      1.154048      1.567392      2.358169
  452      1.161216      1.582976      2.363205
  453      1.157856      1.566720      2.353122
  454      1.161184      1.575936      2.357180
  455      1.161216      1.573856      2.355352
  456      1.158144      1.584128      2.367816
  457      1.155840      1.571776      2.359856
  458      1.155072      1.567744      2.357270
  459      1.159168      1.587136      2.369203
  460      1.149536      1.572864      2.368260
  461      1.173504      1.577984      2.344677
  462      1.161408      1.580992      2.361272
  463      1.154016      1.552384      2.345201
  464      1.155712      1.566912      2.355798
  465      1.148928      1.563648      2.360962
  466      1.163264      1.554432      2.336268
  467      1.163264      1.555456      2.337148
  468      1.180544      1.565696      2.326250
  469      1.162560      1.565696      2.346766
  470      1.157088      1.521664      2.315080
  471      1.165312      1.560352      2.338999
  472      1.165312      1.556480      2.335677
  473      1.159008      1.581056      2.364146
  474      1.160192      1.581056      2.362754
  475      1.154848      1.567744      2.357533
  476      1.156096      1.581664      2.368108
  477      1.150720      1.570432      2.364738
  478      1.144832      1.568768      2.370304
  479      1.162240      1.561568      2.343585
  480      1.150976      1.538912      2.337050
  481      1.156096      1.579776      2.366475
  482      1.168384      1.572416      2.345804
  483      1.144672      1.571744      2.373095
  484      1.147904      1.577216      2.373996
  485      1.168000      1.551360      2.328219
  486      1.162240      1.558720      2.341134
  487      1.163904      1.564224      2.343946
  488      1.212416      1.566720      2.292230
  489      1.152000      1.564384      2.357972
  490      1.165952      1.570368      2.346855
  491      1.159168      1.553408      2.340106
  492      1.145856      1.575040      2.374553
  493      1.166112      1.534720      2.316100
  494      1.147424      1.540096      2.342221
  495      1.181696      1.574528      2.332431
  496      1.157120      1.512448      2.307080
  497      1.152000      1.548288      2.344000
  498      1.153024      1.559424      2.352465
  499      1.164288      1.569568      2.348093
  500      1.173376      1.580032      2.346569
  501      1.160192      1.570816      2.353928
  502      1.191936      1.544928      2.296150
  503      1.150976      1.544064      2.341526
  504      1.164224      1.568448      2.347205
  505      1.153024      1.563040      2.355601
  506      1.155680      1.574912      2.362758
  507      1.152672      1.583104      2.373421
  508      1.139712      1.528832      2.341419
  509      1.160096      1.574848      2.357515
  510      1.146880      1.536000      2.339286
  511      1.163264      1.580000      2.358247
  512      1.159168      1.575840      2.359458
  513      1.143808      1.623040      2.418979
  514      1.154048      1.566720      2.357587
  515      1.162240      1.576192      2.356167
  516      1.168384      1.561120      2.336136
  517      1.155488      1.559552      2.349691
  518      1.158112      1.583808      2.367578
  519      1.157120      1.589184      2.373396
  520      1.148928      1.569792      2.366310
  521      1.144832      1.575840      2.376482
  522      1.160096      1.520640      2.310788
  523      1.146848      1.556480      2.357181
  524      1.153024      1.582080      2.372114
  525      1.154048      1.558528      2.350488
  526      1.174528      1.537024      2.308631
  527      1.153024      1.511488      2.310890
  528      1.169152      1.574912      2.347055
  529      1.159168      1.559552      2.345406
  530      1.164288      1.565696      2.344767
  531      1.148672      1.527808      2.330065
  532      1.150784      1.571840      2.365886
  533      1.163264      1.548288      2.330986
  534      1.147712      1.558528      2.357944
  535      1.165312      1.574912      2.351494
  536      1.154048      1.579680      2.368817
  537      1.160160      1.525664      2.315046
  538      1.154944      1.577984      2.366286
  539      1.161216      1.583360      2.363536
  540      1.147904      1.571840      2.369313
  541      1.153984      1.570816      2.361212
  542      1.146560      1.571776      2.370862
  543      1.152768      1.589248      2.378636
  544      1.165440      1.559296      2.337946
  545      1.156032      1.552032      2.342551
  546      1.158944      1.585120      2.367728
  547      1.156096      1.583104      2.369354
  548      1.153952      1.564320      2.355620
  549      1.161120      1.564672      2.347554
  550      1.162240      1.563648      2.345374
  551      1.161216      1.574880      2.356233
  552      1.157760      1.551040      2.339690
  553      1.157120      1.576960      2.362832
  554      1.161824      1.549344      2.333544
  555      1.154272      1.572384      2.362230
  556      1.154048      1.513472      2.311446
  557      1.160192      1.566720      2.350397
  558      1.159168      1.574720      2.358492
  559      1.159168      1.572864      2.356890
  560      1.166144      1.596224      2.368805
  561      1.152992      1.586496      2.375982
  562      1.153728      1.575104      2.365230
  563      1.147904      1.583040      2.379070
  564      1.165312      1.578816      2.354844
  565      1.153664      1.551360      2.344724
  566      1.171456      1.564672      2.335664
  567      1.158848      1.566720      2.351963
  568      1.161216      1.567648      2.350006
  569      1.154048      1.554432      2.346939
  570      1.151904      1.562976      2.356863
  571      1.152000      1.539072      2.336000
  572      1.153024      1.525984      2.323462
  573      1.194272      1.579104      2.322231
  574      1.156096      1.571712      2.359500
  575      1.159072      1.538048      2.326965
  576      1.148928      1.581056      2.376114
  577      1.150592      1.592320      2.383914
  578      1.153024      1.563136      2.355684
  579      1.156096      1.558528      2.348096
  580      1.159072      1.535968      2.325170
  581      1.165280      1.581056      2.356803
  582      1.163264      1.580768      2.358907
  583      1.171456      1.552384      2.325175
  584      1.152000      1.565696      2.359111
  585      1.149952      1.575936      2.370436
  586      1.156032      1.577728      2.364779
  587      1.155040      1.579712      2.367669
  588      1.161824      1.570816      2.352026
  589      1.168192      1.586176      2.357804
  590      1.148928      1.564416      2.361631
  591      1.160672      1.585792      2.366271
  592      1.153024      1.533728      2.330179
  593      1.156096      1.568352      2.356593
  594      1.154048      1.574912      2.364685
  595      1.159008      1.572864      2.357078
  596      1.143872      1.553376      2.357998
  597      1.155712      1.544064      2.336029
  598      1.153568      1.576960      2.367028
  599      1.160096      1.560576      2.345213
  600      1.146880      1.572864      2.371429
  601      1.154976      1.507904      2.305572
  602      1.154048      1.559552      2.351375
  603      1.152800      1.577984      2.368827
  604      1.146496      1.566272      2.366138
  605      1.160192      1.575776      2.358203
  606      1.166144      1.581664      2.356320
  607      1.148992      1.567520      2.364257
  608      1.155712      1.581920      2.368784
  609      1.166912      1.566720      2.342621
  610      1.150208      1.577632      2.371606
  611      1.144832      1.567552      2.369242
  612      1.146880      1.579648      2.377344
  613      1.149664      1.538720      2.338408
  614      1.156096      1.571616      2.359417
  615      1.161216      1.524832      2.313134
  616      1.162048      1.573856      2.354381
  617      1.155008      1.553152      2.344711
  618      1.150976      1.582304      2.374750
  619      1.149504      1.561600      2.358499
  620      1.164192      1.581056      2.358072
  621      1.152960      1.567744      2.359756
  622      1.160192      1.566720      2.350397
  623      1.158144      1.558528      2.345712
  624      1.148928      1.572576      2.368733
  625      1.153024      1.528832      2.325933
  626      1.179648      1.576960      2.336806
  627      1.157312      1.542752      2.333048
  628      1.175552      1.574336      2.339231
  629      1.140992      1.564288      2.370989
  630      1.149952      1.579744      2.373748
  631      1.155072      1.581856      2.369487
  632      1.164224      1.565696      2.344841
  633      1.149952      1.545152      2.343667
  634      1.162240      1.533952      2.319824
  635      1.147904      1.581056      2.377342
  636      1.152000      1.566720      2.360000
  637      1.166336      1.588224      2.361721
  638      1.157056      1.534592      2.326290
  639      1.141088      1.585824      2.389747
  640      1.146880      1.509024      2.315764
  641      1.147776      1.566720      2.365005
  642      1.157760      1.571840      2.357656
  643      1.151392      1.561120      2.355855
  644      1.145856      1.573888      2.373548
  645      1.144832      1.531904      2.338104
  646      1.150528      1.569408      2.364076
  647      1.146624      1.590272      2.386917
  648      1.161216      1.566656      2.349151
  649      1.168384      1.540992      2.318909
  650      1.155808      1.576960      2.364379
  651      1.146880      1.559296      2.359598
  652      1.159168      1.580032      2.363074
  653      1.148768      1.542176      2.342461
  654      1.155712      1.572864      2.360948
  655      1.154048      1.579008      2.368234
  656      1.159168      1.542144      2.330389
  657      1.149952      1.585152      2.378451
  658      1.161216      1.585120      2.365052
  659      1.148928      1.586176      2.380570
  660      1.150976      1.567616      2.361989
  661      1.149920      1.547168      2.345457
  662      1.159840      1.553408      2.339329
  663      1.171456      1.584128      2.352273
  664      1.158144      1.585152      2.368701
  665      1.164288      1.574208      2.352078
  666      1.165440      1.572672      2.349423
  667      1.165312      1.583840      2.359155
  668      1.150848      1.576768      2.370092
  669      1.147904      1.566720      2.364853
  670      1.142784      1.571680      2.375308
  671      1.142752      1.539616      2.347288
  672      1.155072      1.552384      2.343972
  673      1.158048      1.566656      2.352842
  674      1.146496      1.547968      2.350173
  675      1.154656      1.577792      2.366461
  676      1.158912      1.577952      2.361581
  677      1.148928      1.590240      2.384108
  678      1.157984      1.531488      2.322547
  679      1.148928      1.553408      2.352050
  680      1.171456      1.586176      2.354021
  681      1.156096      1.569504      2.357590
  682      1.147680      1.587200      2.382964
  683      1.163968      1.559552      2.339858
  684      1.149952      1.528448      2.329141
  685      1.155072      1.572672      2.361536
  686      1.160160      1.554048      2.339512
  687      1.153024      1.538656      2.334453
  688      1.143808      1.571008      2.373489
  689      1.152864      1.567744      2.359869
  690      1.152000      1.575552      2.367667
  691      1.150848      1.564480      2.359415
  692      1.161216      1.540096      2.326279
  693      1.159872      1.565696      2.349887
  694      1.159168      1.587200      2.369258
  695      1.159104      1.570656      2.355060
  696      1.157120      1.570720      2.357439
  697      1.179648      1.566720      2.328125
  698      1.166336      1.513472      2.297630
  699      1.148928      1.565696      2.362745
  700      1.172320      1.576960      2.345162
  701      1.157728      1.627264      2.405567
  702      1.163264      1.576960      2.355634
  703      1.149792      1.579616      2.373827
  704      1.158144      1.551008      2.339219
  705      1.159168      1.561600      2.347173
  706      1.208320      1.582080      2.309322
  707      1.171456      1.523424      2.300453
  708      1.152288      1.553408      2.348108
  709      1.157952      1.583104      2.367159
  710      1.169184      1.543904      2.320497
  711      1.166336      1.566400      2.343009
  712      1.162208      1.563360      2.345164
  713      1.162240      1.549312      2.333040
  714      1.176576      1.586720      2.348591
  715      1.155072      1.579008      2.367021
  716      1.152864      1.595232      2.383712
  717      1.177600      1.563648      2.327826
  718      1.163264      1.575936      2.354753
  719      1.165312      1.605056      2.377362
  720      1.160192      1.580032      2.361871
  721      1.167360      1.572864      2.347368
  722      1.203200      1.584128      2.316596
  723      1.159136      1.587136      2.369241
  724      1.161216      1.561600      2.344797
  725      1.159168      1.567456      2.352225
  726      1.151680      1.576960      2.369269
  727      1.161216      1.558720      2.342317
  728      1.170432      1.579936      2.349874
  729      1.148864      1.550336      2.349451
  730      1.157952      1.597440      2.379539
  731      1.160064      1.528832      2.317886
  732      1.166336      1.569632      2.345780
  733      1.156704      1.561600      2.350043
  734      1.161216      1.580032      2.360670
  735      1.158144      1.584736      2.368341
  736      1.154048      1.584128      2.372671
  737      1.152000      1.593344      2.383111
  738      1.156768      1.549184      2.339235
  739      1.152000      1.591296      2.381333
  740      1.168192      1.554432      2.330631
  741      1.159168      1.567456      2.352225
  742      1.158144      1.610752      2.390805
  743      1.150944      1.596064      2.386743
  744      1.165312      1.585824      2.360858
  745      1.171168      1.543168      2.317632
  746      1.152608      1.587200      2.377051
  747      1.158144      1.582368      2.366296
  748      1.161792      1.565696      2.347656
  749      1.167360      1.577984      2.351754
  750      1.187840      1.581056      2.331035
  751      1.167328      1.568768      2.343896
  752      1.190848      1.559680      2.309722
  753      1.168384      1.563648      2.338300
  754      1.152352      1.566720      2.359585
  755      1.150976      1.573888      2.367438
  756      1.211392      1.570816      2.296703
  757      1.169376      1.561408      2.335249
  758      1.168224      1.576960      2.349878
  759      1.154048      1.572864      2.362911
  760      1.153984      1.625088      2.408241
  761      1.157120      1.555232      2.344054
  762      1.161216      1.572416      2.354112
  763      1.158144      1.577856      2.362401
  764      1.160384      1.565696      2.349291
  765      1.173120      1.579712      2.346590
  766      1.178304      1.581056      2.341806
  767      1.164128      1.583712      2.360428
  768      1.163136      1.583712      2.361588
  769      1.161056      1.513472      2.303531
  770      1.178624      1.577760      2.338646
  771      1.160192      1.550336      2.336275
  772      1.169408      1.568320      2.341123
  773      1.149952      1.561600      2.357970
  774      1.163264      1.591296      2.367958
  775      1.165088      1.573888      2.350875
  776      1.165248      1.576672      2.353078
  777      1.163264      1.574912      2.353873
  778      1.167360      1.587840      2.360197
  779      1.168736      1.546240      2.323002
  780      1.164320      1.582080      2.358802
  781      1.162112      1.569568      2.350617
  782      1.163040      1.565696      2.346210
  783      1.177600      1.552416      2.318288
  784      1.158144      1.584128      2.367816
  785      1.168288      1.584096      2.355912
  786      1.175552      1.543552      2.313045
  787      1.151776      1.577760      2.369850
  788      1.167360      1.534976      2.314912
  789      1.159168      1.534976      2.324205
  790      1.153024      1.579008      2.369449
  791      1.156864      1.549952      2.339788
  792      1.164992      1.585152      2.360655
  793      1.165312      1.570816      2.347979
  794      1.153024      1.574816      2.365814
  795      1.167040      1.540096      2.319660
  796      1.153024      1.569472      2.361179
  797      1.161216      1.557504      2.341270
  798      1.164192      1.581696      2.358621
  799      1.159168      1.584800      2.367188
  800      1.155072      1.568512      2.357934
  801      1.161216      1.581056      2.361552
  802      1.156096      1.574912      2.362267
  803      1.151968      1.565600      2.359066
  804      1.163264      1.578624      2.357064
  805      1.149888      1.562624      2.358936
  806      1.165312      1.593568      2.367503
  807      1.158144      1.607136      2.387682
  808      1.174528      1.553408      2.322581
  809      1.158144      1.537024      2.327144
  810      1.156864      1.555456      2.344545
  811      1.148672      1.570688      2.367395
  812      1.153792      1.571552      2.362076
  813      1.154048      1.571840      2.362023
  814      1.158144      1.578720      2.363147
  815      1.147872      1.554272      2.354047
  816      1.161088      1.556224      2.340315
  817      1.149856      1.563904      2.360087
  818      1.171456      1.579008      2.347902
  819      1.143360      1.565696      2.369381
  820      1.193984      1.584032      2.326678
  821      1.153024      1.581056      2.371226
  822      1.152000      1.570432      2.363222
  823      1.147904      1.580032      2.376450
  824      1.220608      1.571840      2.287752
  825      1.168384      1.568768      2.342682
  826      1.160896      1.566720      2.349578
  827      1.159168      1.571840      2.356007
  828      1.153024      1.554432      2.348135
  829      1.149952      1.568768      2.364203
  830      1.156096      1.584832      2.370848
  831      1.163264      1.578848      2.357257
  832      1.162240      1.567744      2.348899
  833      1.163200      1.595968      2.372050
  834      1.164288      1.568768      2.347405
  835      1.146880      1.547168      2.349023
  836      1.154048      1.551360      2.344277
  837      1.152768      1.562624      2.355541
  838      1.156096      1.557440      2.347155
  839      1.170432      1.586176      2.355206
  840      1.157280      1.548192      2.337785
  841      1.153984      1.553408      2.346126
  842      1.156096      1.582080      2.368468
  843      1.161216      1.543168      2.328924
  844      1.150976      1.569120      2.363295
  845      1.153696      1.567904      2.359027
  846      1.157856      1.566720      2.353122
  847      1.169152      1.571840      2.344427
  848      1.157120      1.534656      2.326272
  849      1.166336      1.578560      2.353435
  850      1.162240      1.561568      2.343585
  851      1.157120      1.554432      2.343363
  852      1.152000      1.553408      2.348445
  853      1.162240      1.558528      2.340969
  854      1.150944      1.575936      2.369255
  855      1.148928      1.573888      2.369875
  856      1.159136      1.582656      2.365376
  857      1.176096      1.568544      2.333687
  858      1.166304      1.577920      2.352923
  859      1.164288      1.557280      2.337538
  860      1.170144      1.577984      2.348538
  861      1.161216      1.557920      2.341628
  862      1.157120      1.533952      2.325664
  863      1.160192      1.561504      2.345901
  864      1.161216      1.587200      2.366843
  865      1.151168      1.565312      2.359760
  866      1.150976      1.622016      2.409253
  867      1.166336      1.569792      2.345917
  868      1.159168      1.567712      2.352446
  869      1.155072      1.566688      2.356355
  870      1.156256      1.527648      2.321202
  871      1.170400      1.532672      2.309528
  872      1.161984      1.529856      2.316590
  873      1.146880      1.577984      2.375893
  874      1.160160      1.580032      2.361909
  875      1.157120      1.554624      2.343529
  876      1.166272      1.577600      2.352686
  877      1.154048      1.569792      2.360249
  878      1.144832      1.596416      2.394454
  879      1.167360      1.523712      2.305263
  880      1.158528      1.564672      2.350569
  881      1.145856      1.577120      2.376368
  882      1.161056      1.581888      2.362456
  883      1.144832      1.585152      2.384615
  884      1.173184      1.529856      2.304021
  885      1.151744      1.537024      2.334519
  886      1.150976      1.556480      2.352313
  887      1.159808      1.569792      2.353493
  888      1.158144      1.547840      2.336483
  889      1.157120      1.588128      2.372483
  890      1.154624      1.571744      2.361260
  891      1.147904      1.565696      2.363961
  892      1.168224      1.565696      2.340236
  893      1.149952      1.573888      2.368655
  894      1.146880      1.549216      2.350809
  895      1.160800      1.589824      2.369593
  896      1.152000      1.607680      2.395555
  897      1.150496      1.525728      2.326148
  898      1.165312      1.564672      2.342706
  899      1.150752      1.552960      2.349518
  900      1.156768      1.591456      2.375778
  901      1.146560      1.556480      2.357522
  902      1.156864      1.570816      2.357823
  903      1.163264      1.581600      2.359622
  904      1.146784      1.582784      2.380194
  905      1.155776      1.569792      2.358215
  906      1.159168      1.566144      2.351093
  907      1.154400      1.550848      2.343423
  908      1.150912      1.569920      2.364066
  909      1.147904      1.579008      2.375557
  910      1.156000      1.555232      2.345356
  911      1.156096      1.577984      2.364925
  912      1.159520      1.579008      2.361777
  913      1.155360      1.584832      2.371721
  914      1.160192      1.625088      2.400706
  915      1.165312      1.575904      2.352345
  916      1.157920      1.566400      2.352770
  917      1.173216      1.580608      2.347244
  918      1.157024      1.570912      2.357718
  919      1.146560      1.572768      2.371728
  920      1.143808      1.532544      2.339861
  921      1.152768      1.567744      2.359982
  922      1.183328      1.564768      2.322345
  923      1.155808      1.520064      2.315153
  924      1.156096      1.522560      2.316984
  925      1.147616      1.577632      2.374704
  926      1.161856      1.553408      2.337006
  927      1.149248      1.576960      2.372167
  928      1.164288      1.569792      2.348285
  929      1.150976      1.560576      2.355872
  930      1.152000      1.522688      2.321778
  931      1.146880      1.567232      2.366518
  932      1.154048      1.614848      2.399290
  933      1.145760      1.572896      2.372797
  934      1.158048      1.544192      2.333444
  935      1.161216      1.580960      2.361469
  936      1.153888      1.547776      2.341357
  937      1.164288      1.573888      2.351803
  938      1.156096      1.577984      2.364925
  939      1.147200      1.558016      2.358103
  940      1.156000      1.559712      2.349232
  941      1.153088      1.561600      2.354276
  942      1.149024      1.579904      2.374997
  943      1.163936      1.557376      2.338026
  944      1.145856      1.549312      2.352100
  945      1.156096      1.571840      2.359610
  946      1.160064      1.574912      2.357608
  947      1.168992      1.562176      2.336344
  948      1.155072      1.577984      2.366135
  949      1.168288      1.571808      2.345394
  950      1.166336      1.546016      2.325532
  951      1.152000      1.587200      2.377778
  952      1.168992      1.545184      2.321809
  953      1.150688      1.565696      2.360661
  954      1.148928      1.571840      2.368093
  955      1.146880      1.552928      2.354046
  956      1.153472      1.532512      2.328608
  957      1.158944      1.564672      2.350084
  958      1.162240      1.565696      2.347136
  959      1.150976      1.572640      2.366354
  960      1.162240      1.555456      2.338326
  961      1.156096      1.563648      2.352524
  962      1.160000      1.583776      2.365324
  963      1.152096      1.576960      2.368775
  964      1.152000      1.569664      2.362556
  965      1.164288      1.593344      2.368514
  966      1.166336      1.561600      2.338894
  967      1.151872      1.574624      2.367013
  968      1.170592      1.574912      2.345398
  969      1.154656      1.564672      2.355098
  970      1.159168      1.577984      2.361307
  971      1.158912      1.553408      2.340402
  972      1.141760      1.581760      2.385370
  973      1.155072      1.569792      2.359043
  974      1.162240      1.562560      2.344438
  975      1.165152      1.535104      2.317514
  976      1.150784      1.581056      2.373895
  977      1.162240      1.556480      2.339207
  978      1.159040      1.552384      2.339370
  979      1.147904      1.523712      2.327386
  980      1.168384      1.581408      2.353500
  981      1.147904      1.569312      2.367111
  982      1.162240      1.567744      2.348899
  983      1.150656      1.525248      2.325547
  984      1.152384      1.539072      2.335555
  985      1.154368      1.609952      2.394661
  986      1.153024      1.570816      2.362345
  987      1.163136      1.551360      2.333774
  988      1.158144      1.567392      2.353365
  989      1.156768      1.580032      2.365902
  990      1.165312      1.571680      2.348720
  991      1.154560      1.559552      2.350776
  992      1.156064      1.552384      2.342818
  993      1.152992      1.571840      2.363271
  994      1.157760      1.590272      2.373577
  995      1.154048      1.526784      2.322981
  996      1.144832      1.561760      2.364183
  997      1.162016      1.570816      2.351802
  998      1.164224      1.562624      2.342202
  999      1.147904      1.554304      2.354037
 1000      1.154048      1.577888      2.367264

Propagation edge ID: 0 (root edge)

Running 10 randomization trials...
----------------------------------------------------------------------------------------------------
     Trial                    Pruning LL                Propagation LL          Difference
----------------------------------------------------------------------------------------------------
         1       -194960.434921824897174       -194960.434921824897174        0.000000e+00
         2       -194960.434921824897174       -194960.434921824868070       -2.910383e-11
         3       -194960.434921824926278       -194960.434921824897174       -2.910383e-11
         4       -194960.434921824868070       -194960.434921824897174        2.910383e-11
         5       -194960.434921824868070       -194960.434921824838966       -2.910383e-11
         6       -194960.434921824868070       -194960.434921824868070        0.000000e+00
         7       -194960.434921824897174       -194960.434921824926278        2.910383e-11
         8       -194960.434921824897174       -194960.434921824838966       -5.820766e-11
         9       -194960.434921824868070       -194960.434921824868070        0.000000e+00
        10       -194960.434921824838966       -194960.434921824868070        2.910383e-11
----------------------------------------------------------------------------------------------------

=== Summary ===
Pruning Algorithm:
  Average LL:  -194960.4349218249
  Std Dev:     2.7610e-11
  Range:       -194960.4349218249 to -194960.4349218248
  Max diff:    8.7311e-11

Propagation Algorithm:
  Average LL:  -194960.4349218249
  Std Dev:     2.7610e-11
  Range:       -194960.4349218249 to -194960.4349218248
  Max diff:    8.7311e-11

Estimated significant digits:
  Pruning:     ~15 digits
  Propagation: ~15 digits
