=== Precision, Memory, and Timing Test ===
Number of trials: 10
Random seed: 42

Loading data...
F81 mu is 1.34314
Loaded: 38 taxa, 73 edges, 6736 patterns
Root probs: [0.287712, 0.191584, 0.245721, 0.274983]
Allocating GPU memory...
  Post order size: 73
  Node edges size: 73
  Root edges: 3
  Allocating basic arrays...
  Allocating pattern bases...
  Allocating upward messages (0.0157353 GB)...
  Allocating upward scales...
  Allocating downward messages...
  Allocating downward scales...
  GPU memory allocation complete.

=== Memory Requirements ===
Shared (tree structure, patterns):  0.000402 GB
Pruning algorithm total:            0.020071 GB
Propagation algorithm total:        0.039740 GB
Additional memory for propagation:  0.019669 GB
Propagation / Pruning memory ratio: 1.9800

Copying data to GPU...
  post_order...
  edge_child...
  edge_parent...
  node_is_leaf (size=74)...
  leaf_taxon (size=74)...
  pattern_bases (size=255968, expect=255968)...
  trans_flat...
  weights...
  root_probs...
  node_nch...
  node_off...
  node_edges...
  root_edges...
Data copy complete.
Running 1000 GPU timing trials...

=== GPU Timing Results (1000 trials) ===
Forward pass (Pruning):
  Average: 1.163 ms
  Std Dev: 4.7816e-02 ms
  Range:   1.139 to 2.349 ms

Backward pass:
  Average: 1.566 ms
  Std Dev: 3.7199e-02 ms
  Range:   1.488 to 1.763 ms

Propagation / Pruning time ratio:
  Average: 2.347797
  Std Dev: 2.7477e-02
  Range:   1.750572 to 2.406526

=== Timing Ratio Distribution ===
Trial     Fwd_ms        Bwd_ms        Ratio
    1      2.349056      1.763136      1.750572
    2      1.299264      1.718400      2.322595
    3      1.295360      1.717248      2.325692
    4      1.287168      1.719296      2.335720
    5      1.292288      1.718272      2.329636
    6      1.290240      1.717152      2.330878
    7      1.294336      1.719296      2.328323
    8      1.309696      1.723392      2.315872
    9      1.294240      1.722336      2.330770
   10      1.303552      1.715200      2.315789
   11      1.296832      1.710080      2.318660
   12      1.303552      1.722368      2.321288
   13      1.303200      1.720320      2.320074
   14      1.306208      1.715200      2.313114
   15      1.300480      1.707008      2.312598
   16      1.299456      1.733344      2.333900
   17      1.298112      1.705856      2.314105
   18      1.310720      1.717248      2.310156
   19      1.294336      1.708736      2.320164
   20      1.289760      1.714080      2.328991
   21      1.296000      1.704960      2.315555
   22      1.287168      1.719104      2.335571
   23      1.312768      1.708032      2.301092
   24      1.291264      1.691136      2.309675
   25      1.289216      1.715200      2.330421
   26      1.303552      1.723392      2.322074
   27      1.293312      1.714176      2.325416
   28      1.309696      1.721984      2.314797
   29      1.282752      1.705984      2.329941
   30      1.311744      1.732640      2.320868
   31      1.298432      1.721344      2.325710
   32      1.293216      1.728160      2.336328
   33      1.297248      1.708032      2.316658
   34      1.304416      1.725248      2.322621
   35      1.296192      1.709056      2.318521
   36      1.291232      1.719296      2.331516
   37      1.296096      1.722240      2.328790
   38      1.302560      1.717024      2.318192
   39      1.290240      1.716224      2.330159
   40      1.291328      1.708032      2.322694
   41      1.292448      1.689600      2.307287
   42      1.292288      1.717248      2.328843
   43      1.300480      1.622016      2.247244
   44      1.166336      1.593344      2.366111
   45      1.161216      1.592512      2.371418
   46      1.185792      1.533600      2.293313
   47      1.176576      1.577952      2.341139
   48      1.166304      1.581056      2.355612
   49      1.169248      1.539072      2.316292
   50      1.172416      1.589248      2.355532
   51      1.170432      1.577984      2.348207
   52      1.159232      1.584800      2.367112
   53      1.168384      1.583680      2.355445
   54      1.165312      1.559552      2.338313
   55      1.166336      1.582080      2.356453
   56      1.165152      1.570176      2.347615
   57      1.160192      1.517568      2.308032
   58      1.179648      1.573888      2.334201
   59      1.170432      1.532288      2.309165
   60      1.162240      1.601056      2.377561
   61      1.172480      1.564672      2.334498
   62      1.173056      1.591200      2.356457
   63      1.172480      1.585152      2.351965
   64      1.170432      1.531904      2.308836
   65      1.183744      1.553120      2.312041
   66      1.173312      1.596416      2.360607
   67      1.170432      1.570816      2.342083
   68      1.176256      1.568768      2.333696
   69      1.171456      1.576128      2.345443
   70      1.174112      1.557664      2.326674
   71      1.163904      1.592288      2.368058
   72      1.158688      1.551296      2.338838
   73      1.158144      1.542880      2.332201
   74      1.168384      1.545824      2.323045
   75      1.158144      1.583712      2.367457
   76      1.176224      1.574208      2.338357
   77      1.159168      1.570880      2.355179
   78      1.167040      1.641472      2.406526
   79      1.167232      1.548288      2.326461
   80      1.164288      1.574912      2.352683
   81      1.153728      1.570496      2.361236
   82      1.152000      1.566272      2.359611
   83      1.154784      1.561824      2.352482
   84      1.143328      1.510400      2.321056
   85      1.159776      1.562336      2.347101
   86      1.150976      1.553216      2.349477
   87      1.147552      1.568768      2.367056
   88      1.152000      1.534976      2.332444
   89      1.168128      1.577984      2.350866
   90      1.168384      1.596416      2.366345
   91      1.156992      1.513472      2.308110
   92      1.160192      1.541920      2.329021
   93      1.152000      1.562528      2.356361
   94      1.144000      1.560576      2.364140
   95      1.161216      1.519616      2.308642
   96      1.153024      1.589248      2.378330
   97      1.149984      1.559552      2.356151
   98      1.148064      1.509376      2.314714
   99      1.150976      1.545216      2.342527
  100      1.153024      1.523712      2.321492
  101      1.155072      1.532928      2.327128
  102      1.170432      1.534880      2.311379
  103      1.158048      1.569792      2.355550
  104      1.157248      1.519616      2.313129
  105      1.150624      1.529440      2.329227
  106      1.159168      1.570816      2.355124
  107      1.154048      1.579008      2.368234
  108      1.146880      1.571680      2.370396
  109      1.153024      1.568320      2.360180
  110      1.146880      1.562400      2.362305
  111      1.159936      1.539328      2.327080
  112      1.154048      1.572864      2.362911
  113      1.147872      1.528544      2.331633
  114      1.163264      1.580896      2.359017
  115      1.157120      1.522688      2.315929
  116      1.149600      1.532512      2.333083
  117      1.162240      1.555456      2.338326
  118      1.145856      1.519552      2.326128
  119      1.156064      1.566688      2.355191
  120      1.155072      1.553408      2.344858
  121      1.166336      1.530848      2.312527
  122      1.165312      1.544384      2.325296
  123      1.155776      1.549568      2.340717
  124      1.153600      1.564448      2.356144
  125      1.148928      1.543008      2.342998
  126      1.151840      1.528672      2.327157
  127      1.147904      1.573696      2.370930
  128      1.160192      1.580032      2.361871
  129      1.155648      1.525696      2.320208
  130      1.168384      1.570816      2.344435
  131      1.157120      1.569600      2.356471
  132      1.158144      1.521408      2.313661
  133      1.170432      1.576640      2.347058
  134      1.149952      1.565696      2.361532
  135      1.152000      1.579104      2.370750
  136      1.162240      1.564672      2.346256
  137      1.149664      1.567744      2.363654
  138      1.145856      1.568576      2.368912
  139      1.156928      1.548288      2.338275
  140      1.153664      1.544192      2.338511
  141      1.164288      1.573888      2.351803
  142      1.148928      1.540096      2.340463
  143      1.159040      1.564672      2.349972
  144      1.151872      1.576960      2.369041
  145      1.154048      1.577408      2.366848
  146      1.159168      1.581056      2.363957
  147      1.144416      1.552384      2.356486
  148      1.154048      1.550336      2.343390
  149      1.141632      1.564672      2.370557
  150      1.148928      1.540096      2.340463
  151      1.147584      1.541888      2.343595
  152      1.154752      1.567648      2.357563
  153      1.156096      1.575648      2.362904
  154      1.175616      1.562400      2.329005
  155      1.157120      1.571456      2.358075
  156      1.161216      1.569888      2.351934
  157      1.152640      1.582080      2.372571
  158      1.150976      1.573472      2.367076
  159      1.152000      1.567744      2.360889
  160      1.156896      1.573888      2.360440
  161      1.143808      1.561600      2.365264
  162      1.150976      1.568384      2.362656
  163      1.146208      1.550336      2.352578
  164      1.158144      1.533952      2.324492
  165      1.155072      1.575936      2.364362
  166      1.156096      1.539072      2.331267
  167      1.154048      1.531648      2.327196
  168      1.160864      1.573408      2.355377
  169      1.157120      1.567424      2.354591
  170      1.148928      1.575936      2.371658
  171      1.189888      1.563648      2.314114
  172      1.161216      1.565408      2.348077
  173      1.154048      1.569792      2.360249
  174      1.159744      1.588480      2.369682
  175      1.148928      1.532928      2.334225
  176      1.150976      1.565536      2.360181
  177      1.141920      1.564544      2.370099
  178      1.146848      1.561600      2.361645
  179      1.157120      1.582784      2.367865
  180      1.152832      1.564064      2.356714
  181      1.172480      1.585568      2.352320
  182      1.150976      1.559552      2.354982
  183      1.151328      1.571840      2.365241
  184      1.148928      1.569792      2.366310
  185      1.149952      1.566624      2.362339
  186      1.155072      1.560576      2.351064
  187      1.154016      1.585152      2.373596
  188      1.155072      1.537632      2.331200
  189      1.153824      1.563360      2.354938
  190      1.158144      1.583264      2.367070
  191      1.154048      1.534976      2.330080
  192      1.151680      1.548288      2.344373
  193      1.148928      1.527808      2.329768
  194      1.155072      1.532800      2.327017
  195      1.160192      1.539008      2.326512
  196      1.150976      1.570816      2.364769
  197      1.159168      1.587200      2.369258
  198      1.150016      1.574784      2.369359
  199      1.152000      1.573600      2.365972
  200      1.145856      1.577728      2.376899
  201      1.148768      1.559552      2.357587
  202      1.167296      1.563392      2.339328
  203      1.147744      1.546016      2.347004
  204      1.148672      1.585152      2.379987
  205      1.155424      1.509056      2.306062
  206      1.152000      1.574912      2.367111
  207      1.152992      1.536000      2.332186
  208      1.141312      1.568768      2.374531
  209      1.149952      1.548864      2.346895
  210      1.149952      1.569536      2.364871
  211      1.156096      1.546240      2.337467
  212      1.161856      1.576864      2.357194
  213      1.154048      1.577984      2.367347
  214      1.147904      1.541248      2.342663
  215      1.146720      1.559520      2.359983
  216      1.149568      1.520544      2.322709
  217      1.159904      1.569664      2.353271
  218      1.149568      1.554368      2.352133
  219      1.144832      1.583872      2.383497
  220      1.146880      1.561600      2.361607
  221      1.146848      1.570784      2.369653
  222      1.149888      1.559552      2.356264
  223      1.143808      1.554336      2.358913
  224      1.154048      1.564672      2.355812
  225      1.154688      1.566720      2.356834
  226      1.149792      1.566592      2.362500
  227      1.143808      1.560416      2.364229
  228      1.151744      1.565792      2.359497
  229      1.152000      1.571840      2.364444
  230      1.145856      1.530432      2.335624
  231      1.153312      1.575936      2.366444
  232      1.155968      1.552384      2.342930
  233      1.167200      1.554432      2.331762
  234      1.156096      1.554432      2.344553
  235      1.149472      1.570592      2.366360
  236      1.149952      1.584064      2.377504
  237      1.155392      1.529600      2.323880
  238      1.162976      1.567744      2.348045
  239      1.158144      1.557504      2.344828
  240      1.155072      1.568768      2.358156
  241      1.155072      1.576960      2.365248
  242      1.149696      1.563520      2.359942
  243      1.157920      1.585152      2.368965
  244      1.160160      1.574656      2.357275
  245      1.154880      1.552288      2.344112
  246      1.163264      1.533568      2.318332
  247      1.143712      1.540096      2.346577
  248      1.148704      1.587200      2.381731
  249      1.165312      1.572864      2.349736
  250      1.159168      1.551360      2.338339
  251      1.159008      1.560576      2.346476
  252      1.158784      1.534176      2.323953
  253      1.160192      1.551104      2.336937
  254      1.154912      1.567456      2.357208
  255      1.158848      1.566592      2.351853
  256      1.171456      1.552384      2.325175
  257      1.182720      1.567904      2.325676
  258      1.162240      1.528832      2.315418
  259      1.169408      1.562624      2.336252
  260      1.160192      1.583904      2.365209
  261      1.162240      1.540704      2.325633
  262      1.165152      1.548288      2.328829
  263      1.163264      1.562624      2.343310
  264      1.165312      1.579008      2.355009
  265      1.150752      1.560576      2.356136
  266      1.163264      1.587200      2.364437
  267      1.157120      1.577984      2.363717
  268      1.237600      1.567744      2.266762
  269      1.158144      1.569664      2.355327
  270      1.200096      1.519616      2.266245
  271      1.166464      1.561216      2.338418
  272      1.150976      1.577792      2.370830
  273      1.164288      1.561600      2.341249
  274      1.190816      1.574720      2.322387
  275      1.155712      1.521408      2.316425
  276      1.152416      1.580672      2.371616
  277      1.183744      1.573568      2.329314
  278      1.155648      1.590272      2.376087
  279      1.152000      1.566720      2.360000
  280      1.160960      1.578752      2.359868
  281      1.153888      1.566304      2.357414
  282      1.153760      1.575808      2.365802
  283      1.159904      1.582080      2.363975
  284      1.159168      1.586144      2.368347
  285      1.154048      1.584128      2.372671
  286      1.144608      1.593056      2.391792
  287      1.164928      1.544192      2.325568
  288      1.158144      1.575936      2.360743
  289      1.154048      1.563648      2.354925
  290      1.148928      1.572608      2.368761
  291      1.157120      1.585152      2.369911
  292      1.158720      1.547904      2.335874
  293      1.160160      1.527744      2.316839
  294      1.152352      1.563200      2.356530
  295      1.155072      1.560576      2.351064
  296      1.160192      1.549920      2.335917
  297      1.157120      1.531488      2.323534
  298      1.157120      1.567488      2.354646
  299      1.156096      1.567488      2.355846
  300      1.164928      1.572864      2.350181
  301      1.160928      1.559232      2.343091
  302      1.155072      1.533952      2.328014
  303      1.150496      1.576960      2.370678
  304      1.151648      1.562624      2.356859
  305      1.157664      1.540960      2.331094
  306      1.153952      1.562624      2.354150
  307      1.162848      1.570688      2.350725
  308      1.159168      1.573152      2.357139
  309      1.158624      1.557504      2.344270
  310      1.147744      1.565440      2.363928
  311      1.147904      1.577920      2.374609
  312      1.158144      1.568768      2.354553
  313      1.143904      1.537920      2.344449
  314      1.154048      1.574912      2.364685
  315      1.146880      1.564384      2.364035
  316      1.146880      1.539840      2.342634
  317      1.155488      1.507936      2.305021
  318      1.154048      1.581056      2.370009
  319      1.166976      1.572800      2.347757
  320      1.155072      1.584928      2.372147
  321      1.158144      1.554144      2.341926
  322      1.159168      1.563648      2.348940
  323      1.155072      1.536480      2.330203
  324      1.164896      1.553408      2.333517
  325      1.161216      1.575936      2.357143
  326      1.148928      1.533952      2.335116
  327      1.157728      1.566464      2.353050
  328      1.147936      1.530592      2.333343
  329      1.148928      1.572000      2.368232
  330      1.159904      1.563648      2.348084
  331      1.154048      1.565696      2.356699
  332      1.144416      1.533952      2.340380
  333      1.150976      1.576992      2.370135
  334      1.149824      1.576704      2.371257
  335      1.152736      1.560576      2.353802
  336      1.161216      1.570816      2.352734
  337      1.156096      1.561440      2.350615
  338      1.153024      1.539776      2.335424
  339      1.146720      1.567744      2.367155
  340      1.148928      1.569792      2.366310
  341      1.154592      1.537024      2.331227
  342      1.146528      1.524704      2.329844
  343      1.154624      1.533984      2.328557
  344      1.147424      1.567744      2.366316
  345      1.170432      1.545216      2.320210
  346      1.152000      1.568768      2.361778
  347      1.156096      1.536000      2.328609
  348      1.159168      1.567744      2.352473
  349      1.159040      1.572768      2.356957
  350      1.149792      1.570816      2.366174
  351      1.154016      1.578752      2.368050
  352      1.147872      1.554336      2.354102
  353      1.148928      1.561600      2.359180
  354      1.158144      1.536000      2.326260
  355      1.151008      1.545088      2.342378
  356      1.155072      1.569792      2.359043
  357      1.145632      1.573888      2.373816
  358      1.145856      1.552928      2.355256
  359      1.156096      1.584128      2.370239
  360      1.155072      1.518592      2.314716
  361      1.148928      1.568768      2.365419
  362      1.149952      1.565696      2.361532
  363      1.149952      1.588160      2.381066
  364      1.166880      1.563840      2.340189
  365      1.155648      1.560576      2.350390
  366      1.157120      1.553408      2.342478
  367      1.149952      1.560864      2.357330
  368      1.152064      1.567456      2.360564
  369      1.162240      1.573888      2.354185
  370      1.154048      1.565696      2.356699
  371      1.152000      1.552800      2.347917
  372      1.162848      1.591296      2.368447
  373      1.150976      1.562336      2.357401
  374      1.147488      1.544192      2.345715
  375      1.150656      1.514496      2.316202
  376      1.160288      1.568416      2.351747
  377      1.149952      1.578656      2.372802
  378      1.149952      1.584288      2.377699
  379      1.151968      1.570880      2.363649
  380      1.162240      1.569408      2.350330
  381      1.145856      1.547264      2.350313
  382      1.149952      1.582080      2.375779
  383      1.150912      1.582080      2.374632
  384      1.157344      1.560416      2.348273
  385      1.152608      1.557504      2.351287
  386      1.156096      1.565216      2.353881
  387      1.164064      1.551360      2.332710
  388      1.155712      1.565696      2.354746
  389      1.154720      1.572448      2.361757
  390      1.149664      1.528832      2.329808
  391      1.152768      1.581568      2.371974
  392      1.150976      1.534976      2.333630
  393      1.158144      1.562624      2.349248
  394      1.141760      1.569632      2.374748
  395      1.147904      1.556480      2.355932
  396      1.148928      1.547264      2.346702
  397      1.158432      1.573600      2.358388
  398      1.149056      1.559072      2.356829
  399      1.158144      1.561088      2.347922
  400      1.147904      1.568352      2.366275
  401      1.145632      1.582720      2.381526
  402      1.153024      1.519616      2.317940
  403      1.148928      1.575520      2.371296
  404      1.155072      1.567744      2.357270
  405      1.144832      1.573664      2.374581
  406      1.145856      1.572864      2.372654
  407      1.155072      1.570816      2.359929
  408      1.152000      1.527808      2.326222
  409      1.159936      1.564864      2.349095
  410      1.166336      1.580032      2.354697
  411      1.150496      1.527424      2.327622
  412      1.156096      1.513600      2.309234
  413      1.159840      1.566720      2.350807
  414      1.164224      1.572864      2.350998
  415      1.159040      1.546240      2.334069
  416      1.159776      1.577760      2.360401
  417      1.156096      1.563648      2.352524
  418      1.145504      1.557504      2.359667
  419      1.161984      1.579008      2.358890
  420      1.163968      1.570816      2.349535
  421      1.176512      1.585152      2.347332
  422      1.163104      1.546240      2.329408
  423      1.150976      1.519616      2.320285
  424      1.147904      1.529856      2.332739
  425      1.150976      1.568768      2.362989
  426      1.151968      1.547264      2.343148
  427      1.180288      1.568768      2.329140
  428      1.149952      1.576576      2.370993
  429      1.151744      1.561280      2.355579
  430      1.156960      1.568768      2.355940
  431      1.154048      1.546240      2.339840
  432      1.154048      1.548480      2.341781
  433      1.140736      1.528832      2.340215
  434      1.143808      1.577568      2.379225
  435      1.170144      1.527680      2.305549
  436      1.148928      1.487872      2.295009
  437      1.164288      1.570656      2.349027
  438      1.156064      1.567744      2.356105
  439      1.157120      1.519616      2.313274
  440      1.150976      1.544192      2.341637
  441      1.157120      1.565184      2.352655
  442      1.153760      1.559488      2.351657
  443      1.147904      1.567840      2.365829
  444      1.155936      1.541696      2.333721
  445      1.150976      1.545024      2.342360
  446      1.170432      1.523712      2.301837
  447      1.147904      1.535744      2.337868
  448      1.168992      1.581056      2.352495
  449      1.153760      1.594336      2.381861
  450      1.146816      1.579008      2.376863
  451      1.160000      1.571776      2.354979
  452      1.167808      1.537024      2.316162
  453      1.167360      1.567840      2.343065
  454      1.154752      1.524736      2.320401
  455      1.160192      1.573888      2.356575
  456      1.145568      1.544192      2.347970
  457      1.148928      1.569792      2.366310
  458      1.153696      1.537024      2.332261
  459      1.142784      1.574912      2.378136
  460      1.151872      1.578048      2.369985
  461      1.156608      1.566720      2.354582
  462      1.149952      1.552384      2.349955
  463      1.142624      1.573888      2.377433
  464      1.154560      1.515072      2.312251
  465      1.157216      1.566656      2.353815
  466      1.153152      1.557344      2.350511
  467      1.149952      1.571424      2.366513
  468      1.153600      1.519616      2.317281
  469      1.148928      1.579904      2.375111
  470      1.145376      1.569664      2.370436
  471      1.161184      1.593728      2.372503
  472      1.153632      1.565696      2.357188
  473      1.147712      1.569792      2.367758
  474      1.156064      1.592320      2.377363
  475      1.157888      1.575936      2.361043
  476      1.148576      1.581728      2.377121
  477      1.150976      1.582080      2.374555
  478      1.153024      1.563488      2.355989
  479      1.154048      1.566336      2.357254
  480      1.151872      1.579008      2.370819
  481      1.146880      1.559296      2.359598
  482      1.152000      1.516384      2.316306
  483      1.155072      1.560576      2.351064
  484      1.172448      1.557408      2.328339
  485      1.154048      1.604032      2.389918
  486      1.145856      1.530304      2.335511
  487      1.160192      1.532256      2.320692
  488      1.150656      1.527328      2.327354
  489      1.157120      1.563200      2.350940
  490      1.148832      1.509376      2.313835
  491      1.145376      1.582080      2.381276
  492      1.155040      1.562624      2.352874
  493      1.153632      1.592384      2.380322
  494      1.144928      1.553280      2.356662
  495      1.145920      1.554336      2.356409
  496      1.150880      1.575744      2.369164
  497      1.153024      1.525760      2.323268
  498      1.164000      1.543040      2.325636
  499      1.149952      1.571040      2.366179
  500      1.145568      1.585696      2.384201
  501      1.145856      1.537536      2.341823
  502      1.168512      1.553184      2.329198
  503      1.148928      1.586176      2.380570
  504      1.150592      1.555296      2.351735
  505      1.153024      1.526496      2.323907
  506      1.150784      1.572864      2.366776
  507      1.146592      1.561568      2.361921
  508      1.159168      1.575936      2.359541
  509      1.153024      1.575936      2.366785
  510      1.171264      1.566784      2.337687
  511      1.151904      1.563456      2.357280
  512      1.142368      1.570816      2.375052
  513      1.158112      1.548288      2.336907
  514      1.154432      1.557504      2.349152
  515      1.149344      1.571968      2.367709
  516      1.150976      1.558528      2.354093
  517      1.145344      1.567744      2.368798
  518      1.157120      1.570592      2.357329
  519      1.160064      1.592320      2.372614
  520      1.171456      1.548288      2.321678
  521      1.162176      1.535520      2.321246
  522      1.156096      1.550656      2.341286
  523      1.159168      1.581056      2.363957
  524      1.154880      1.573632      2.362593
  525      1.144832      1.542144      2.347048
  526      1.152992      1.542144      2.337515
  527      1.152768      1.542144      2.337775
  528      1.148928      1.580000      2.375195
  529      1.167360      1.571840      2.346491
  530      1.143808      1.566720      2.369740
  531      1.149952      1.557504      2.354408
  532      1.145760      1.562560      2.363776
  533      1.168256      1.560576      2.335817
  534      1.158816      1.575904      2.359926
  535      1.150976      1.553408      2.349644
  536      1.148928      1.579872      2.375083
  537      1.165312      1.567744      2.345343
  538      1.152160      1.569696      2.362394
  539      1.157120      1.559552      2.347788
  540      1.162368      1.577920      2.357505
  541      1.157120      1.553408      2.342478
  542      1.159776      1.574912      2.357945
  543      1.157120      1.528832      2.321239
  544      1.157120      1.545216      2.335398
  545      1.159168      1.508352      2.301237
  546      1.153024      1.572864      2.364121
  547      1.164288      1.584000      2.360488
  548      1.151840      1.550336      2.345965
  549      1.153056      1.584128      2.373852
  550      1.149952      1.550336      2.348175
  551      1.153024      1.565248      2.357516
  552      1.146880      1.577984      2.375893
  553      1.156064      1.543168      2.334846
  554      1.150976      1.552384      2.348755
  555      1.153632      1.559552      2.351862
  556      1.145856      1.581056      2.379803
  557      1.160960      1.528832      2.316869
  558      1.170432      1.562624      2.335083
  559      1.151712      1.536800      2.334361
  560      1.156448      1.559552      2.348571
  561      1.142400      1.562240      2.367507
  562      1.148928      1.526624      2.328737
  563      1.152000      1.570112      2.362945
  564      1.157120      1.519200      2.312915
  565      1.147776      1.562208      2.361074
  566      1.154144      1.577696      2.366984
  567      1.146880      1.569792      2.368750
  568      1.138688      1.563456      2.373033
  569      1.152000      1.545792      2.341834
  570      1.158144      1.569792      2.355438
  571      1.162240      1.573856      2.354157
  572      1.151584      1.519200      2.319226
  573      1.150976      1.574912      2.368327
  574      1.149664      1.563168      2.359674
  575      1.149952      1.548288      2.346394
  576      1.156096      1.545920      2.337190
  577      1.158144      1.565472      2.351708
  578      1.166336      1.573568      2.349155
  579      1.146560      1.544192      2.346804
  580      1.156096      1.582080      2.368468
  581      1.143776      1.564064      2.367456
  582      1.149952      1.573888      2.368655
  583      1.154048      1.534624      2.329775
  584      1.156096      1.571840      2.359610
  585      1.159168      1.573888      2.357774
  586      1.161088      1.530656      2.318295
  587      1.152608      1.545120      2.340543
  588      1.149952      1.560576      2.357079
  589      1.155072      1.564608      2.354554
  590      1.158144      1.576960      2.361627
  591      1.139584      1.534784      2.346793
  592      1.150976      1.575616      2.368939
  593      1.149952      1.575552      2.370102
  594      1.152000      1.535616      2.333000
  595      1.156704      1.577984      2.364207
  596      1.161152      1.569760      2.351899
  597      1.163968      1.569536      2.348436
  598      1.163264      1.568896      2.348701
  599      1.159008      1.510400      2.303183
  600      1.152896      1.547488      2.342262
  601      1.164928      1.570816      2.348423
  602      1.152192      1.569632      2.362301
  603      1.158912      1.576544      2.360366
  604      1.153024      1.564672      2.357016
  605      1.147744      1.577984      2.374857
  606      1.147456      1.555328      2.355458
  607      1.148928      1.546240      2.345811
  608      1.142784      1.579776      2.382392
  609      1.162240      1.565440      2.346916
  610      1.148928      1.570816      2.367202
  611      1.161184      1.552704      2.337173
  612      1.152608      1.571840      2.363725
  613      1.154720      1.538048      2.331966
  614      1.155680      1.551232      2.342268
  615      1.157088      1.590432      2.374512
  616      1.162048      1.575872      2.356116
  617      1.153024      1.562624      2.355240
  618      1.140736      1.564672      2.371634
  619      1.152448      1.532928      2.330149
  620      1.147776      1.552608      2.352710
  621      1.172480      1.585152      2.351965
  622      1.163424      1.567904      2.347663
  623      1.154688      1.532320      2.327042
  624      1.144448      1.571840      2.373448
  625      1.146880      1.571840      2.370536
  626      1.160192      1.584288      2.365540
  627      1.150976      1.568736      2.362962
  628      1.163808      1.567744      2.347081
  629      1.142784      1.558400      2.363687
  630      1.154048      1.579008      2.368234
  631      1.149952      1.568768      2.364203
  632      1.163264      1.555424      2.337120
  633      1.177600      1.514496      2.286087
  634      1.153024      1.572864      2.364121
  635      1.150944      1.568384      2.362694
  636      1.164288      1.573888      2.351803
  637      1.154944      1.577984      2.366286
  638      1.148928      1.520640      2.323529
  639      1.153024      1.541120      2.336590
  640      1.148064      1.528640      2.331494
  641      1.160192      1.575936      2.358341
  642      1.155264      1.590112      2.376406
  643      1.165280      1.574368      2.351064
  644      1.157120      1.572480      2.358960
  645      1.149952      1.534976      2.334817
  646      1.150976      1.575936      2.369217
  647      1.150976      1.571840      2.365659
  648      1.163264      1.534720      2.319322
  649      1.147904      1.556288      2.355765
  650      1.164064      1.532928      2.316876
  651      1.151040      1.562496      2.357465
  652      1.143552      1.532000      2.339685
  653      1.162048      1.560576      2.342953
  654      1.153024      1.567424      2.359403
  655      1.157664      1.559712      2.347293
  656      1.143680      1.582080      2.383324
  657      1.150944      1.500800      2.303973
  658      1.151776      1.554432      2.349596
  659      1.159168      1.566720      2.351590
  660      1.151552      1.560576      2.355194
  661      1.155072      1.528832      2.323581
  662      1.151872      1.572448      2.365124
  663      1.153664      1.564320      2.355958
  664      1.153024      1.546240      2.341030
  665      1.161216      1.549312      2.334215
  666      1.143392      1.556480      2.361283
  667      1.162976      1.564448      2.345211
  668      1.146336      1.554432      2.356000
  669      1.155072      1.560576      2.351064
  670      1.152864      1.570816      2.362534
  671      1.153024      1.561568      2.354324
  672      1.156000      1.568576      2.356899
  673      1.148544      1.569792      2.366767
  674      1.143808      1.559488      2.363418
  675      1.151776      1.583104      2.374490
  676      1.164288      1.535520      2.318849
  677      1.145792      1.554432      2.356644
  678      1.152544      1.517184      2.316378
  679      1.170432      1.544192      2.319335
  680      1.155072      1.572864      2.361702
  681      1.158720      1.551296      2.338801
  682      1.154688      1.551360      2.343532
  683      1.157120      1.561600      2.349557
  684      1.159168      1.581760      2.364565
  685      1.144768      1.585152      2.384693
  686      1.154048      1.571840      2.362023
  687      1.161216      1.517504      2.306823
  688      1.160928      1.580000      2.360980
  689      1.150976      1.572736      2.366437
  690      1.157120      1.546240      2.336283
  691      1.149952      1.573888      2.368655
  692      1.145856      1.549312      2.352100
  693      1.143808      1.572800      2.375056
  694      1.149952      1.574752      2.369407
  695      1.164288      1.560416      2.340232
  696      1.159168      1.530528      2.320368
  697      1.163264      1.568608      2.348454
  698      1.147712      1.586176      2.382033
  699      1.152000      1.563232      2.356972
  700      1.150976      1.580288      2.372998
  701      1.148928      1.583104      2.377897
  702      1.155904      1.518272      2.313493
  703      1.152000      1.560576      2.354667
  704      1.147456      1.564672      2.363601
  705      1.149952      1.550336      2.348175
  706      1.147840      1.555456      2.355116
  707      1.140512      1.565504      2.372633
  708      1.144832      1.516544      2.324687
  709      1.162240      1.509376      2.298678
  710      1.152960      1.556480      2.349986
  711      1.146880      1.563648      2.363393
  712      1.148928      1.516288      2.319741
  713      1.155648      1.568384      2.357147
  714      1.149952      1.590880      2.383432
  715      1.174528      1.520640      2.294682
  716      1.152640      1.545216      2.340589
  717      1.152000      1.538048      2.335111
  718      1.165312      1.532928      2.315466
  719      1.147424      1.542400      2.344229
  720      1.164000      1.574912      2.353017
  721      1.152672      1.554432      2.348547
  722      1.174528      1.561600      2.329555
  723      1.152640      1.569632      2.361771
  724      1.145856      1.551360      2.353887
  725      1.151808      1.580160      2.371895
  726      1.154592      1.566720      2.356947
  727      1.146560      1.547264      2.349483
  728      1.157120      1.539040      2.330061
  729      1.144256      1.596000      2.394793
  730      1.144832      1.573792      2.374693
  731      1.156768      1.548288      2.338460
  732      1.154048      1.548288      2.341615
  733      1.156896      1.540896      2.331923
  734      1.148928      1.535712      2.336648
  735      1.158144      1.565696      2.351901
  736      1.155904      1.548288      2.339461
  737      1.157120      1.566720      2.353982
  738      1.148928      1.568416      2.365113
  739      1.156896      1.517568      2.311758
  740      1.171264      1.561600      2.333260
  741      1.152000      1.536000      2.333333
  742      1.159168      1.558208      2.344247
  743      1.156544      1.560160      2.348984
  744      1.152640      1.560128      2.353526
  745      1.147904      1.565696      2.363961
  746      1.156096      1.571840      2.359610
  747      1.165376      1.536992      2.318881
  748      1.149952      1.568640      2.364092
  749      1.156960      1.536832      2.328336
  750      1.149600      1.589248      2.382436
  751      1.160192      1.580032      2.361871
  752      1.167008      1.579040      2.353067
  753      1.142784      1.523712      2.333333
  754      1.148480      1.540096      2.340986
  755      1.153696      1.527808      2.324273
  756      1.150976      1.550336      2.346975
  757      1.150976      1.561600      2.356762
  758      1.154048      1.514304      2.312167
  759      1.148768      1.510400      2.314800
  760      1.141760      1.586176      2.389238
  761      1.149728      1.545216      2.343984
  762      1.155584      1.561280      2.351074
  763      1.148768      1.572768      2.369091
  764      1.165312      1.555040      2.334441
  765      1.148480      1.543168      2.343661
  766      1.149920      1.535936      2.335689
  767      1.155072      1.529856      2.324468
  768      1.154048      1.564640      2.355784
  769      1.157120      1.586464      2.371046
  770      1.163968      1.565696      2.345137
  771      1.166208      1.511360      2.295961
  772      1.154944      1.584032      2.371523
  773      1.158912      1.562592      2.348327
  774      1.149600      1.579008      2.373528
  775      1.150816      1.549312      2.346273
  776      1.145856      1.556416      2.358300
  777      1.162208      1.562176      2.344145
  778      1.154048      1.568800      2.359389
  779      1.151584      1.553376      2.348904
  780      1.148928      1.553824      2.352412
  781      1.156672      1.539904      2.331323
  782      1.160192      1.576896      2.359168
  783      1.161792      1.560448      2.343139
  784      1.153024      1.577984      2.368562
  785      1.170240      1.547104      2.322040
  786      1.154848      1.517568      2.314085
  787      1.154048      1.546848      2.340367
  788      1.155776      1.540096      2.332521
  789      1.154048      1.559456      2.351292
  790      1.159168      1.569216      2.353743
  791      1.158144      1.522688      2.314766
  792      1.158144      1.561824      2.348557
  793      1.152000      1.532928      2.330667
  794      1.154688      1.577664      2.366312
  795      1.138688      1.540672      2.353024
  796      1.169152      1.560576      2.334793
  797      1.169344      1.573888      2.345958
  798      1.147904      1.560576      2.359500
  799      1.166208      1.519616      2.303040
  800      1.149696      1.549184      2.347473
  801      1.163392      1.572832      2.351936
  802      1.154976      1.576960      2.365362
  803      1.150976      1.555456      2.351424
  804      1.147520      1.558400      2.358059
  805      1.150560      1.513376      2.315339
  806      1.150784      1.570816      2.364996
  807      1.143808      1.545216      2.350940
  808      1.149952      1.531904      2.332146
  809      1.154048      1.551360      2.344277
  810      1.168384      1.570816      2.344435
  811      1.146592      1.531904      2.336050
  812      1.151872      1.563648      2.357484
  813      1.139392      1.526784      2.339999
  814      1.155072      1.540096      2.333333
  815      1.150560      1.554432      2.351022
  816      1.151552      1.581056      2.372978
  817      1.175552      1.550336      2.318815
  818      1.157024      1.564288      2.351993
  819      1.176544      1.523712      2.295074
  820      1.152000      1.551296      2.346611
  821      1.163936      1.574912      2.353091
  822      1.149952      1.568768      2.364203
  823      1.157120      1.556480      2.345133
  824      1.154048      1.528960      2.324867
  825      1.146784      1.563392      2.363284
  826      1.159168      1.561344      2.346952
  827      1.166336      1.525312      2.307781
  828      1.150592      1.581888      2.374847
  829      1.162240      1.559424      2.341740
  830      1.158080      1.566720      2.352860
  831      1.147904      1.539712      2.341325
  832      1.160736      1.557472      2.341797
  833      1.150976      1.570784      2.364741
  834      1.151520      1.566336      2.360233
  835      1.153024      1.574880      2.365869
  836      1.146752      1.552384      2.353723
  837      1.153024      1.561600      2.354352
  838      1.160192      1.551360      2.337158
  839      1.160192      1.521408      2.311342
  840      1.147712      1.515520      2.320471
  841      1.166240      1.567360      2.343943
  842      1.151840      1.580032      2.371746
  843      1.153024      1.561504      2.354269
  844      1.172480      1.571840      2.340611
  845      1.150880      1.563488      2.358515
  846      1.152608      1.567744      2.360171
  847      1.158144      1.561600      2.348364
  848      1.155072      1.561600      2.351950
  849      1.161120      1.511008      2.301337
  850      1.181664      1.570816      2.329325
  851      1.155072      1.555456      2.346631
  852      1.156928      1.566720      2.354207
  853      1.159168      1.533952      2.323322
  854      1.159168      1.577984      2.361307
  855      1.146880      1.577984      2.375893
  856      1.160192      1.550336      2.336275
  857      1.152000      1.555456      2.350222
  858      1.148928      1.559456      2.357314
  859      1.166048      1.580992      2.355855
  860      1.153664      1.530144      2.326334
  861      1.152000      1.558528      2.352889
  862      1.155840      1.560576      2.350166
  863      1.170432      1.552000      2.326006
  864      1.165312      1.560512      2.339136
  865      1.149760      1.573888      2.368884
  866      1.155072      1.575936      2.364362
  867      1.149952      1.541344      2.340355
  868      1.153024      1.560960      2.353797
  869      1.153824      1.561600      2.353413
  870      1.154048      1.560576      2.352263
  871      1.166336      1.575744      2.351021
  872      1.159168      1.585152      2.367491
  873      1.155072      1.562624      2.352837
  874      1.158144      1.623424      2.401746
  875      1.147904      1.519584      2.323790
  876      1.179360      1.598432      2.355338
  877      1.152000      1.567616      2.360778
  878      1.156768      1.573888      2.360591
  879      1.160192      1.572864      2.355693
  880      1.147904      1.582944      2.378986
  881      1.163264      1.565440      2.345731
  882      1.153920      1.574816      2.364753
  883      1.164288      1.544192      2.326297
  884      1.165280      1.555456      2.334835
  885      1.155072      1.537024      2.330674
  886      1.158144      1.537664      2.327697
  887      1.159136      1.561600      2.347210
  888      1.156000      1.548960      2.339931
  889      1.161216      1.532928      2.320106
  890      1.150976      1.566560      2.361071
  891      1.164448      1.554272      2.334771
  892      1.155936      1.614848      2.397005
  893      1.146880      1.574784      2.373103
  894      1.152608      1.546240      2.341514
  895      1.153024      1.562176      2.354851
  896      1.151584      1.549888      2.345875
  897      1.150976      1.515520      2.316726
  898      1.154048      1.552384      2.345164
  899      1.154048      1.517472      2.314913
  900      1.170432      1.571840      2.342957
  901      1.155872      1.547904      2.339165
  902      1.157056      1.592256      2.376127
  903      1.146848      1.559552      2.359859
  904      1.164288      1.605632      2.379067
  905      1.160192      1.564672      2.348632
  906      1.150976      1.556384      2.352230
  907      1.145856      1.560800      2.362126
  908      1.157920      1.540832      2.330689
  909      1.153024      1.557504      2.350799
  910      1.147904      1.572704      2.370066
  911      1.149952      1.520640      2.322351
  912      1.160064      1.573728      2.356587
  913      1.145600      1.578624      2.377989
  914      1.142784      1.566304      2.370604
  915      1.151680      1.570816      2.363935
  916      1.152000      1.547264      2.343111
  917      1.145408      1.583968      2.382885
  918      1.152000      1.565696      2.359111
  919      1.149952      1.567744      2.363313
  920      1.174528      1.508352      2.284220
  921      1.166336      1.553184      2.331678
  922      1.154048      1.615872      2.400177
  923      1.163264      1.510400      2.298415
  924      1.151168      1.568480      2.362512
  925      1.157856      1.541120      2.331012
  926      1.163136      1.570816      2.350501
  927      1.157120      1.544096      2.334430
  928      1.152000      1.554432      2.349333
  929      1.147904      1.583104      2.379126
  930      1.145792      1.583104      2.381668
  931      1.144832      1.590272      2.389088
  932      1.149952      1.554272      2.351597
  933      1.151648      1.553408      2.348857
  934      1.148768      1.553280      2.352127
  935      1.158880      1.570400      2.355102
  936      1.157120      1.557504      2.346018
  937      1.147808      1.563648      2.362290
  938      1.154240      1.575072      2.364597
  939      1.153024      1.571840      2.363233
  940      1.147904      1.557696      2.356992
  941      1.160800      1.584128      2.364686
  942      1.144704      1.555040      2.358465
  943      1.149920      1.570816      2.366022
  944      1.155072      1.574912      2.363475
  945      1.152000      1.523648      2.322611
  946      1.158112      1.586176      2.369622
  947      1.160736      1.564320      2.347697
  948      1.149952      1.570528      2.365733
  949      1.150080      1.566560      2.362131
  950      1.166336      1.558464      2.336205
  951      1.171264      1.561600      2.333260
  952      1.154784      1.541504      2.334885
  953      1.145856      1.523712      2.329759
  954      1.150976      1.569792      2.363879
  955      1.147776      1.551328      2.351595
  956      1.150976      1.544192      2.341637
  957      1.149952      1.561600      2.357970
  958      1.159168      1.549152      2.336435
  959      1.155072      1.574912      2.363475
  960      1.153952      1.555456      2.347938
  961      1.156960      1.520640      2.314341
  962      1.157088      1.566720      2.354020
  963      1.158144      1.544192      2.333333
  964      1.148928      1.570816      2.367202
  965      1.148928      1.574912      2.370766
  966      1.157120      1.566464      2.353761
  967      1.150976      1.553248      2.349505
  968      1.153984      1.541120      2.335478
  969      1.161024      1.527808      2.315914
  970      1.147840      1.573664      2.370978
  971      1.162240      1.554752      2.337720
  972      1.145696      1.579008      2.378208
  973      1.157120      1.552992      2.342119
  974      1.166208      1.567744      2.344309
  975      1.164224      1.562304      2.341928
  976      1.160192      1.584128      2.365402
  977      1.153024      1.565696      2.357904
  978      1.158048      1.566624      2.352814
  979      1.162240      1.559552      2.341850
  980      1.144832      1.583104      2.382827
  981      1.162240      1.579200      2.358756
  982      1.159168      1.578752      2.361970
  983      1.161088      1.511744      2.302006
  984      1.146880      1.570400      2.369280
  985      1.155072      1.532128      2.326435
  986      1.162240      1.582624      2.361701
  987      1.147936      1.584128      2.379979
  988      1.162592      1.577984      2.357298
  989      1.159744      1.570816      2.354451
  990      1.147168      1.560160      2.360010
  991      1.154048      1.539840      2.334295
  992      1.169408      1.587200      2.357268
  993      1.163264      1.565696      2.345951
  994      1.158784      1.573888      2.358224
  995      1.153920      1.537024      2.332002
  996      1.150560      1.564672      2.359922
  997      1.153792      1.548288      2.341913
  998      1.158144      1.575488      2.360356
  999      1.174528      1.520640      2.294682
 1000      1.157120      1.542784      2.333297

Propagation edge ID: 0 (root edge)

Running 10 randomization trials...
----------------------------------------------------------------------------------------------------
     Trial                    Pruning LL                Propagation LL          Difference
----------------------------------------------------------------------------------------------------
         1       -194960.434921824897174       -194960.434921824926278        2.910383e-11
         2       -194960.434921824897174       -194960.434921824868070       -2.910383e-11
         3       -194960.434921824897174       -194960.434921824926278        2.910383e-11
         4       -194960.434921824897174       -194960.434921824897174        0.000000e+00
         5       -194960.434921824868070       -194960.434921824838966       -2.910383e-11
         6       -194960.434921824868070       -194960.434921824868070        0.000000e+00
         7       -194960.434921824897174       -194960.434921824926278        2.910383e-11
         8       -194960.434921824897174       -194960.434921824897174        0.000000e+00
         9       -194960.434921824868070       -194960.434921824868070        0.000000e+00
        10       -194960.434921824838966       -194960.434921824897174        5.820766e-11
----------------------------------------------------------------------------------------------------

=== Summary ===
Pruning Algorithm:
  Average LL:  -194960.4349218249
  Std Dev:     2.4350e-11
  Range:       -194960.4349218249 to -194960.4349218248
  Max diff:    5.8208e-11

Propagation Algorithm:
  Average LL:  -194960.4349218249
  Std Dev:     3.6814e-11
  Range:       -194960.4349218249 to -194960.4349218248
  Max diff:    8.7311e-11

Estimated significant digits:
  Pruning:     ~15 digits
  Propagation: ~15 digits
